[iter 0000] p_lb=0.000 u=1.000 c=0.3754 n_pre=465 n_post=50 n_trans=515 cert_safe=0.000 cert_goal=0.000 cert_fail=1.000 safe_eval=0.000 goal_eval=0.000 fail_eval=1.000 avg_ret=9.38 sem_ret=0.08 iter_time=35.39s total_time=36.70s ln=0.00e+00 lp=1.58e-02 lq=0.00e+00 ld=6.01e-02 lo=3.75e-01 max_vio=6.01e-02 ep=8000 status=epoch-limit-infeasible
[iter 0000 returns] returns=[9.0, 11.0, 9.0, 9.0, 9.0, 9.0, 10.0, 9.0, 9.0, 10.0, 9.0, 10.0, 11.0, 8.0, 9.0, 10.0, 8.0, 10.0, 8.0, 10.0, 9.0, 9.0, 10.0, 9.0, 10.0, 10.0, 9.0, 10.0, 10.0, 8.0, 9.0, 9.0, 9.0, 8.0, 9.0, 10.0, 9.0, 9.0, 9.0, 10.0, 10.0, 9.0, 10.0, 10.0, 9.0, 10.0, 9.0, 10.0, 9.0, 10.0, 9.0, 10.0, 8.0, 11.0, 10.0, 8.0, 10.0, 9.0, 9.0, 9.0, 10.0, 10.0, 9.0, 10.0, 9.0, 10.0, 9.0, 11.0, 8.0, 8.0, 10.0, 9.0, 10.0, 10.0, 10.0, 8.0, 8.0, 8.0, 9.0, 10.0, 8.0, 10.0, 10.0, 10.0, 10.0, 9.0, 10.0, 9.0, 9.0, 9.0, 9.0, 8.0, 11.0, 9.0, 10.0, 10.0, 10.0, 10.0, 10.0, 10.0]
[iter 0001] p_lb=0.000 u=1.000 c=0.2420 n_pre=469 n_post=50 n_trans=519 cert_safe=0.000 cert_goal=0.000 cert_fail=1.000 safe_eval=0.000 goal_eval=0.000 fail_eval=1.000 avg_ret=57.69 sem_ret=3.01 iter_time=33.10s total_time=69.80s ln=0.00e+00 lp=5.99e-03 lq=0.00e+00 ld=7.60e-02 lo=2.42e-01 max_vio=7.60e-02 ep=8000 status=epoch-limit-infeasible
[iter 0001 returns] returns=[50.0, 44.0, 125.0, 101.0, 32.0, 40.0, 33.0, 102.0, 32.0, 45.0, 30.0, 37.0, 26.0, 128.0, 35.0, 114.0, 49.0, 32.0, 54.0, 37.0, 117.0, 34.0, 29.0, 83.0, 52.0, 33.0, 85.0, 29.0, 36.0, 79.0, 33.0, 51.0, 71.0, 90.0, 55.0, 52.0, 51.0, 51.0, 70.0, 110.0, 28.0, 32.0, 76.0, 117.0, 54.0, 111.0, 36.0, 40.0, 45.0, 55.0, 61.0, 46.0, 35.0, 38.0, 36.0, 34.0, 30.0, 95.0, 36.0, 61.0, 36.0, 53.0, 92.0, 33.0, 33.0, 124.0, 35.0, 32.0, 48.0, 79.0, 39.0, 51.0, 59.0, 34.0, 32.0, 47.0, 32.0, 40.0, 39.0, 110.0, 58.0, 42.0, 40.0, 32.0, 61.0, 110.0, 80.0, 61.0, 52.0, 40.0, 61.0, 65.0, 42.0, 138.0, 121.0, 143.0, 35.0, 36.0, 49.0, 32.0]
[iter 0002] p_lb=0.000 u=1.000 c=0.0000 n_pre=3419 n_post=50 n_trans=3469 cert_safe=0.000 cert_goal=0.000 cert_fail=1.000 safe_eval=0.000 goal_eval=0.000 fail_eval=1.000 avg_ret=73.21 sem_ret=2.33 iter_time=41.02s total_time=110.82s ln=1.32e-03 lp=1.18e-02 lq=0.00e+00 ld=2.08e-02 lo=1.85e-05 max_vio=2.08e-02 ep=8000 status=epoch-limit-infeasible
[iter 0002 returns] returns=[51.0, 73.0, 70.0, 65.0, 74.0, 51.0, 81.0, 56.0, 104.0, 78.0, 60.0, 53.0, 104.0, 55.0, 59.0, 61.0, 56.0, 60.0, 70.0, 50.0, 118.0, 49.0, 60.0, 51.0, 69.0, 76.0, 64.0, 61.0, 126.0, 68.0, 68.0, 84.0, 65.0, 76.0, 98.0, 76.0, 68.0, 58.0, 87.0, 82.0, 72.0, 38.0, 64.0, 101.0, 62.0, 68.0, 88.0, 176.0, 78.0, 117.0, 57.0, 85.0, 67.0, 97.0, 154.0, 35.0, 113.0, 65.0, 56.0, 55.0, 62.0, 68.0, 82.0, 60.0, 74.0, 60.0, 80.0, 60.0, 74.0, 54.0, 64.0, 68.0, 61.0, 61.0, 64.0, 74.0, 70.0, 54.0, 154.0, 92.0, 74.0, 88.0, 61.0, 55.0, 56.0, 81.0, 50.0, 53.0, 56.0, 85.0, 60.0, 77.0, 62.0, 90.0, 60.0, 109.0, 72.0, 48.0, 85.0, 80.0]
[iter 0003] p_lb=0.000 u=1.000 c=0.0000 n_pre=3661 n_post=50 n_trans=3711 cert_safe=0.000 cert_goal=0.000 cert_fail=1.000 safe_eval=0.000 goal_eval=0.000 fail_eval=1.000 avg_ret=111.30 sem_ret=1.76 iter_time=44.43s total_time=155.25s ln=0.00e+00 lp=1.57e-02 lq=2.02e-03 ld=1.90e-02 lo=1.87e-05 max_vio=1.90e-02 ep=8000 status=epoch-limit-infeasible
[iter 0003 returns] returns=[108.0, 103.0, 137.0, 157.0, 112.0, 93.0, 97.0, 85.0, 106.0, 108.0, 133.0, 143.0, 97.0, 142.0, 116.0, 93.0, 86.0, 97.0, 117.0, 122.0, 128.0, 103.0, 95.0, 133.0, 122.0, 110.0, 91.0, 97.0, 95.0, 108.0, 127.0, 128.0, 160.0, 134.0, 113.0, 144.0, 112.0, 109.0, 114.0, 97.0, 120.0, 85.0, 90.0, 115.0, 104.0, 125.0, 124.0, 100.0, 128.0, 86.0, 101.0, 96.0, 116.0, 116.0, 85.0, 103.0, 143.0, 96.0, 121.0, 124.0, 107.0, 85.0, 101.0, 122.0, 104.0, 89.0, 96.0, 95.0, 110.0, 110.0, 93.0, 90.0, 114.0, 116.0, 108.0, 117.0, 100.0, 103.0, 130.0, 103.0, 103.0, 134.0, 114.0, 138.0, 107.0, 88.0, 134.0, 109.0, 118.0, 162.0, 114.0, 97.0, 95.0, 130.0, 101.0, 103.0, 102.0, 132.0, 90.0, 116.0]
[iter 0004] p_lb=0.000 u=1.000 c=0.0000 n_pre=5728 n_post=49 n_trans=5777 cert_safe=0.020 cert_goal=0.020 cert_fail=0.980 safe_eval=0.000 goal_eval=0.000 fail_eval=1.000 avg_ret=351.42 sem_ret=1.10 iter_time=46.11s total_time=201.36s ln=7.58e-03 lp=6.84e-03 lq=0.00e+00 ld=1.36e-02 lo=1.44e-05 max_vio=1.36e-02 ep=8000 status=epoch-limit-infeasible
[iter 0004 returns] returns=[353.0, 356.0, 350.0, 348.0, 352.0, 352.0, 362.0, 340.0, 349.0, 358.0, 334.0, 363.0, 371.0, 360.0, 358.0, 343.0, 350.0, 372.0, 358.0, 351.0, 354.0, 348.0, 351.0, 344.0, 328.0, 351.0, 375.0, 338.0, 341.0, 350.0, 348.0, 350.0, 362.0, 361.0, 357.0, 347.0, 345.0, 360.0, 362.0, 341.0, 365.0, 352.0, 334.0, 336.0, 353.0, 355.0, 344.0, 339.0, 339.0, 340.0, 344.0, 361.0, 368.0, 331.0, 337.0, 358.0, 361.0, 358.0, 358.0, 346.0, 351.0, 337.0, 350.0, 377.0, 350.0, 360.0, 356.0, 337.0, 368.0, 370.0, 322.0, 352.0, 339.0, 352.0, 341.0, 346.0, 344.0, 347.0, 355.0, 353.0, 379.0, 358.0, 365.0, 367.0, 356.0, 353.0, 346.0, 366.0, 346.0, 356.0, 346.0, 349.0, 341.0, 331.0, 368.0, 348.0, 356.0, 346.0, 341.0, 345.0]
[iter 0005] p_lb=0.000 u=1.000 c=0.0000 n_pre=17593 n_post=50 n_trans=17643 cert_safe=0.000 cert_goal=0.000 cert_fail=1.000 safe_eval=1.000 goal_eval=1.000 fail_eval=0.000 avg_ret=500.00 sem_ret=0.00 iter_time=49.88s total_time=251.24s ln=0.00e+00 lp=1.33e-02 lq=0.00e+00 ld=5.20e-03 lo=1.56e-05 max_vio=1.33e-02 ep=8000 status=epoch-limit-infeasible
[iter 0005 returns] returns=[500.0, 500.0, 500.0, 500.0, 500.0, 500.0, 500.0, 500.0, 500.0, 500.0, 500.0, 500.0, 500.0, 500.0, 500.0, 500.0, 500.0, 500.0, 500.0, 500.0, 500.0, 500.0, 500.0, 500.0, 500.0, 500.0, 500.0, 500.0, 500.0, 500.0, 500.0, 500.0, 500.0, 500.0, 500.0, 500.0, 500.0, 500.0, 500.0, 500.0, 500.0, 500.0, 500.0, 500.0, 500.0, 500.0, 500.0, 500.0, 500.0, 500.0, 500.0, 500.0, 500.0, 500.0, 500.0, 500.0, 500.0, 500.0, 500.0, 500.0, 500.0, 500.0, 500.0, 500.0, 500.0, 500.0, 500.0, 500.0, 500.0, 500.0, 500.0, 500.0, 500.0, 500.0, 500.0, 500.0, 500.0, 500.0, 500.0, 500.0, 500.0, 500.0, 500.0, 500.0, 500.0, 500.0, 500.0, 500.0, 500.0, 500.0, 500.0, 500.0, 500.0, 500.0, 500.0, 500.0, 500.0, 500.0, 500.0, 500.0]
[iter 0006] p_lb=0.992 u=0.008 c=0.0000 n_pre=25050 n_post=0 n_trans=25050 cert_safe=1.000 cert_goal=1.000 cert_fail=0.000 safe_eval=1.000 goal_eval=1.000 fail_eval=0.000 avg_ret=500.00 sem_ret=0.00 iter_time=59.09s total_time=310.33s ln=0.00e+00 lp=0.00e+00 lq=0.00e+00 ld=0.00e+00 lo=1.29e-05 max_vio=0.00e+00 ep=8000
[iter 0006 returns] returns=[500.0, 500.0, 500.0, 500.0, 500.0, 500.0, 500.0, 500.0, 500.0, 500.0, 500.0, 500.0, 500.0, 500.0, 500.0, 500.0, 500.0, 500.0, 500.0, 500.0, 500.0, 500.0, 500.0, 500.0, 500.0, 500.0, 500.0, 500.0, 500.0, 500.0, 500.0, 500.0, 500.0, 500.0, 500.0, 500.0, 500.0, 500.0, 500.0, 500.0, 500.0, 500.0, 500.0, 500.0, 500.0, 500.0, 500.0, 500.0, 500.0, 500.0, 500.0, 500.0, 500.0, 500.0, 500.0, 500.0, 500.0, 500.0, 500.0, 500.0, 500.0, 500.0, 500.0, 500.0, 500.0, 500.0, 500.0, 500.0, 500.0, 500.0, 500.0, 500.0, 500.0, 500.0, 500.0, 500.0, 500.0, 500.0, 500.0, 500.0, 500.0, 500.0, 500.0, 500.0, 500.0, 500.0, 500.0, 500.0, 500.0, 500.0, 500.0, 500.0, 500.0, 500.0, 500.0, 500.0, 500.0, 500.0, 500.0, 500.0, 500.0, 500.0, 500.0, 500.0, 500.0, 500.0, 500.0, 500.0, 500.0, 500.0, 500.0, 500.0, 500.0, 500.0, 500.0, 500.0, 500.0, 500.0, 500.0, 500.0, 500.0, 500.0, 500.0, 500.0, 500.0, 500.0, 500.0, 500.0, 500.0, 500.0, 500.0, 500.0, 500.0, 500.0, 500.0, 500.0, 500.0, 500.0, 500.0, 500.0, 500.0, 500.0, 500.0, 500.0, 500.0, 500.0, 500.0, 500.0, 500.0, 500.0, 500.0, 500.0, 500.0, 500.0, 500.0, 500.0, 500.0, 500.0, 500.0, 500.0, 500.0, 500.0, 500.0, 500.0, 500.0, 500.0, 500.0, 500.0, 500.0, 500.0, 500.0, 500.0, 500.0, 500.0, 500.0, 500.0, 500.0, 500.0, 500.0, 500.0, 500.0, 500.0, 500.0, 500.0, 500.0, 500.0, 500.0, 500.0, 500.0, 500.0, 500.0, 500.0, 500.0, 500.0, 500.0, 500.0, 500.0, 500.0, 500.0, 500.0]
[stop] iter=6 p_lb=0.992 >= p_min=0.950, epsilon=0.1731

==== FINAL RESULT ====
Stopped by p_lb? True
Outer iter: 6
p_lb: 0.9916
u_local: 0.0084
c_bc: 0.0000
n_pre: 25050
n_post: 0
n_trans: 25050
loss_nonneg: 0.0000e+00
loss_pre: 0.0000e+00
loss_post: 0.0000e+00
loss_dyn: 0.0000e+00
loss_obj: 1.2862e-05
max_violation: 0.0000e+00
epochs_used: 8000
epsilon(N,beta): 0.1731
safe_eval: 1.0000
goal_eval: 1.0000
fail_eval: 0.0000
avg_return: 500.0000
return_sem: 0.0000
returns: [500.0, 500.0, 500.0, 500.0, 500.0, 500.0, 500.0, 500.0, 500.0, 500.0, 500.0, 500.0, 500.0, 500.0, 500.0, 500.0, 500.0, 500.0, 500.0, 500.0, 500.0, 500.0, 500.0, 500.0, 500.0, 500.0, 500.0, 500.0, 500.0, 500.0, 500.0, 500.0, 500.0, 500.0, 500.0, 500.0, 500.0, 500.0, 500.0, 500.0, 500.0, 500.0, 500.0, 500.0, 500.0, 500.0, 500.0, 500.0, 500.0, 500.0, 500.0, 500.0, 500.0, 500.0, 500.0, 500.0, 500.0, 500.0, 500.0, 500.0, 500.0, 500.0, 500.0, 500.0, 500.0, 500.0, 500.0, 500.0, 500.0, 500.0, 500.0, 500.0, 500.0, 500.0, 500.0, 500.0, 500.0, 500.0, 500.0, 500.0, 500.0, 500.0, 500.0, 500.0, 500.0, 500.0, 500.0, 500.0, 500.0, 500.0, 500.0, 500.0, 500.0, 500.0, 500.0, 500.0, 500.0, 500.0, 500.0, 500.0, 500.0, 500.0, 500.0, 500.0, 500.0, 500.0, 500.0, 500.0, 500.0, 500.0, 500.0, 500.0, 500.0, 500.0, 500.0, 500.0, 500.0, 500.0, 500.0, 500.0, 500.0, 500.0, 500.0, 500.0, 500.0, 500.0, 500.0, 500.0, 500.0, 500.0, 500.0, 500.0, 500.0, 500.0, 500.0, 500.0, 500.0, 500.0, 500.0, 500.0, 500.0, 500.0, 500.0, 500.0, 500.0, 500.0, 500.0, 500.0, 500.0, 500.0, 500.0, 500.0, 500.0, 500.0, 500.0, 500.0, 500.0, 500.0, 500.0, 500.0, 500.0, 500.0, 500.0, 500.0, 500.0, 500.0, 500.0, 500.0, 500.0, 500.0, 500.0, 500.0, 500.0, 500.0, 500.0, 500.0, 500.0, 500.0, 500.0, 500.0, 500.0, 500.0, 500.0, 500.0, 500.0, 500.0, 500.0, 500.0, 500.0, 500.0, 500.0, 500.0, 500.0, 500.0, 500.0, 500.0, 500.0, 500.0, 500.0, 500.0]
total_time_sec: 310.33

==== ROBUSTNESS SWEEP EXAMPLE ====
Uniform noise: [{'noise_type': 'uniform', 'scale': 0.02, 'safe_rate': 1.0, 'goal_rate': 1.0, 'fail_rate': 0.0, 'safe_sem': 0.0, 'goal_sem': 0.0, 'fail_sem': 0.0, 'avg_return': 500.0, 'return_sem': 0.0, 'returns': [500.0, 500.0, 500.0, 500.0, 500.0, 500.0, 500.0, 500.0, 500.0, 500.0, 500.0, 500.0, 500.0, 500.0, 500.0, 500.0, 500.0, 500.0, 500.0, 500.0, 500.0, 500.0, 500.0, 500.0, 500.0, 500.0, 500.0, 500.0, 500.0, 500.0, 500.0, 500.0, 500.0, 500.0, 500.0, 500.0, 500.0, 500.0, 500.0, 500.0, 500.0, 500.0, 500.0, 500.0, 500.0, 500.0, 500.0, 500.0, 500.0, 500.0]}, {'noise_type': 'uniform', 'scale': 0.05, 'safe_rate': 1.0, 'goal_rate': 1.0, 'fail_rate': 0.0, 'safe_sem': 0.0, 'goal_sem': 0.0, 'fail_sem': 0.0, 'avg_return': 500.0, 'return_sem': 0.0, 'returns': [500.0, 500.0, 500.0, 500.0, 500.0, 500.0, 500.0, 500.0, 500.0, 500.0, 500.0, 500.0, 500.0, 500.0, 500.0, 500.0, 500.0, 500.0, 500.0, 500.0, 500.0, 500.0, 500.0, 500.0, 500.0, 500.0, 500.0, 500.0, 500.0, 500.0, 500.0, 500.0, 500.0, 500.0, 500.0, 500.0, 500.0, 500.0, 500.0, 500.0, 500.0, 500.0, 500.0, 500.0, 500.0, 500.0, 500.0, 500.0, 500.0, 500.0]}, {'noise_type': 'uniform', 'scale': 0.08, 'safe_rate': 1.0, 'goal_rate': 1.0, 'fail_rate': 0.0, 'safe_sem': 0.0, 'goal_sem': 0.0, 'fail_sem': 0.0, 'avg_return': 500.0, 'return_sem': 0.0, 'returns': [500.0, 500.0, 500.0, 500.0, 500.0, 500.0, 500.0, 500.0, 500.0, 500.0, 500.0, 500.0, 500.0, 500.0, 500.0, 500.0, 500.0, 500.0, 500.0, 500.0, 500.0, 500.0, 500.0, 500.0, 500.0, 500.0, 500.0, 500.0, 500.0, 500.0, 500.0, 500.0, 500.0, 500.0, 500.0, 500.0, 500.0, 500.0, 500.0, 500.0, 500.0, 500.0, 500.0, 500.0, 500.0, 500.0, 500.0, 500.0, 500.0, 500.0]}, {'noise_type': 'uniform', 'scale': 0.11, 'safe_rate': 1.0, 'goal_rate': 1.0, 'fail_rate': 0.0, 'safe_sem': 0.0, 'goal_sem': 0.0, 'fail_sem': 0.0, 'avg_return': 500.0, 'return_sem': 0.0, 'returns': [500.0, 500.0, 500.0, 500.0, 500.0, 500.0, 500.0, 500.0, 500.0, 500.0, 500.0, 500.0, 500.0, 500.0, 500.0, 500.0, 500.0, 500.0, 500.0, 500.0, 500.0, 500.0, 500.0, 500.0, 500.0, 500.0, 500.0, 500.0, 500.0, 500.0, 500.0, 500.0, 500.0, 500.0, 500.0, 500.0, 500.0, 500.0, 500.0, 500.0, 500.0, 500.0, 500.0, 500.0, 500.0, 500.0, 500.0, 500.0, 500.0, 500.0]}, {'noise_type': 'uniform', 'scale': 0.14, 'safe_rate': 0.98, 'goal_rate': 0.98, 'fail_rate': 0.02, 'safe_sem': 0.019999999999999993, 'goal_sem': 0.019999999999999993, 'fail_sem': 0.019999999999999993, 'avg_return': 490.34, 'return_sem': 9.66, 'returns': [500.0, 500.0, 500.0, 500.0, 500.0, 500.0, 500.0, 500.0, 500.0, 500.0, 500.0, 500.0, 500.0, 500.0, 500.0, 500.0, 500.0, 17.0, 500.0, 500.0, 500.0, 500.0, 500.0, 500.0, 500.0, 500.0, 500.0, 500.0, 500.0, 500.0, 500.0, 500.0, 500.0, 500.0, 500.0, 500.0, 500.0, 500.0, 500.0, 500.0, 500.0, 500.0, 500.0, 500.0, 500.0, 500.0, 500.0, 500.0, 500.0, 500.0]}, {'noise_type': 'uniform', 'scale': 0.17, 'safe_rate': 0.8, 'goal_rate': 0.8, 'fail_rate': 0.2, 'safe_sem': 0.057142857142857134, 'goal_sem': 0.057142857142857134, 'fail_sem': 0.05714285714285715, 'avg_return': 434.08, 'return_sem': 22.046719224669882, 'returns': [500.0, 500.0, 500.0, 500.0, 15.0, 500.0, 102.0, 500.0, 50.0, 500.0, 500.0, 500.0, 500.0, 500.0, 500.0, 500.0, 500.0, 500.0, 83.0, 500.0, 41.0, 500.0, 476.0, 500.0, 500.0, 500.0, 500.0, 500.0, 500.0, 39.0, 500.0, 500.0, 500.0, 500.0, 446.0, 401.0, 500.0, 500.0, 500.0, 500.0, 500.0, 500.0, 51.0, 500.0, 500.0, 500.0, 500.0, 500.0, 500.0, 500.0]}, {'noise_type': 'uniform', 'scale': 0.2, 'safe_rate': 0.68, 'goal_rate': 0.68, 'fail_rate': 0.32, 'safe_sem': 0.06663945022680343, 'goal_sem': 0.06663945022680343, 'fail_sem': 0.06663945022680343, 'avg_return': 394.04, 'return_sem': 24.339351860302113, 'returns': [500.0, 500.0, 500.0, 17.0, 500.0, 368.0, 313.0, 84.0, 500.0, 500.0, 24.0, 500.0, 500.0, 500.0, 500.0, 500.0, 500.0, 500.0, 500.0, 300.0, 82.0, 161.0, 500.0, 500.0, 500.0, 500.0, 164.0, 500.0, 500.0, 69.0, 500.0, 225.0, 124.0, 500.0, 500.0, 25.0, 500.0, 500.0, 500.0, 500.0, 226.0, 442.0, 500.0, 500.0, 500.0, 500.0, 78.0, 500.0, 500.0, 500.0]}]
Gaussian noise: [{'noise_type': 'gaussian', 'scale': 0.02, 'safe_rate': 1.0, 'goal_rate': 1.0, 'fail_rate': 0.0, 'safe_sem': 0.0, 'goal_sem': 0.0, 'fail_sem': 0.0, 'avg_return': 500.0, 'return_sem': 0.0, 'returns': [500.0, 500.0, 500.0, 500.0, 500.0, 500.0, 500.0, 500.0, 500.0, 500.0, 500.0, 500.0, 500.0, 500.0, 500.0, 500.0, 500.0, 500.0, 500.0, 500.0, 500.0, 500.0, 500.0, 500.0, 500.0, 500.0, 500.0, 500.0, 500.0, 500.0, 500.0, 500.0, 500.0, 500.0, 500.0, 500.0, 500.0, 500.0, 500.0, 500.0, 500.0, 500.0, 500.0, 500.0, 500.0, 500.0, 500.0, 500.0, 500.0, 500.0]}, {'noise_type': 'gaussian', 'scale': 0.05, 'safe_rate': 1.0, 'goal_rate': 1.0, 'fail_rate': 0.0, 'safe_sem': 0.0, 'goal_sem': 0.0, 'fail_sem': 0.0, 'avg_return': 500.0, 'return_sem': 0.0, 'returns': [500.0, 500.0, 500.0, 500.0, 500.0, 500.0, 500.0, 500.0, 500.0, 500.0, 500.0, 500.0, 500.0, 500.0, 500.0, 500.0, 500.0, 500.0, 500.0, 500.0, 500.0, 500.0, 500.0, 500.0, 500.0, 500.0, 500.0, 500.0, 500.0, 500.0, 500.0, 500.0, 500.0, 500.0, 500.0, 500.0, 500.0, 500.0, 500.0, 500.0, 500.0, 500.0, 500.0, 500.0, 500.0, 500.0, 500.0, 500.0, 500.0, 500.0]}, {'noise_type': 'gaussian', 'scale': 0.08, 'safe_rate': 1.0, 'goal_rate': 1.0, 'fail_rate': 0.0, 'safe_sem': 0.0, 'goal_sem': 0.0, 'fail_sem': 0.0, 'avg_return': 500.0, 'return_sem': 0.0, 'returns': [500.0, 500.0, 500.0, 500.0, 500.0, 500.0, 500.0, 500.0, 500.0, 500.0, 500.0, 500.0, 500.0, 500.0, 500.0, 500.0, 500.0, 500.0, 500.0, 500.0, 500.0, 500.0, 500.0, 500.0, 500.0, 500.0, 500.0, 500.0, 500.0, 500.0, 500.0, 500.0, 500.0, 500.0, 500.0, 500.0, 500.0, 500.0, 500.0, 500.0, 500.0, 500.0, 500.0, 500.0, 500.0, 500.0, 500.0, 500.0, 500.0, 500.0]}, {'noise_type': 'gaussian', 'scale': 0.11, 'safe_rate': 0.74, 'goal_rate': 0.74, 'fail_rate': 0.26, 'safe_sem': 0.06266203485560373, 'goal_sem': 0.06266203485560373, 'fail_sem': 0.06266203485560373, 'avg_return': 425.14, 'return_sem': 21.969125088242752, 'returns': [500.0, 500.0, 500.0, 500.0, 75.0, 500.0, 500.0, 500.0, 366.0, 500.0, 500.0, 237.0, 500.0, 500.0, 446.0, 500.0, 500.0, 500.0, 500.0, 82.0, 500.0, 53.0, 500.0, 500.0, 466.0, 500.0, 500.0, 79.0, 500.0, 500.0, 487.0, 500.0, 81.0, 62.0, 500.0, 500.0, 500.0, 500.0, 16.0, 500.0, 500.0, 500.0, 500.0, 500.0, 500.0, 500.0, 500.0, 500.0, 307.0, 500.0]}, {'noise_type': 'gaussian', 'scale': 0.14, 'safe_rate': 0.36, 'goal_rate': 0.36, 'fail_rate': 0.64, 'safe_sem': 0.06857142857142857, 'goal_sem': 0.06857142857142857, 'fail_sem': 0.06857142857142857, 'avg_return': 292.6, 'return_sem': 27.605574710591352, 'returns': [55.0, 500.0, 483.0, 100.0, 500.0, 500.0, 106.0, 500.0, 500.0, 25.0, 351.0, 500.0, 500.0, 126.0, 113.0, 47.0, 355.0, 500.0, 174.0, 483.0, 88.0, 227.0, 291.0, 445.0, 500.0, 500.0, 500.0, 31.0, 24.0, 38.0, 312.0, 183.0, 500.0, 500.0, 138.0, 18.0, 500.0, 500.0, 92.0, 500.0, 500.0, 148.0, 157.0, 165.0, 16.0, 500.0, 48.0, 264.0, 433.0, 94.0]}, {'noise_type': 'gaussian', 'scale': 0.17, 'safe_rate': 0.06, 'goal_rate': 0.06, 'fail_rate': 0.94, 'safe_sem': 0.033926691677251195, 'goal_sem': 0.033926691677251195, 'fail_sem': 0.033926691677251195, 'avg_return': 118.82, 'return_sem': 18.111799964641385, 'returns': [69.0, 86.0, 500.0, 64.0, 15.0, 59.0, 101.0, 193.0, 37.0, 101.0, 139.0, 25.0, 67.0, 34.0, 129.0, 38.0, 85.0, 53.0, 102.0, 16.0, 87.0, 43.0, 500.0, 54.0, 215.0, 20.0, 58.0, 500.0, 42.0, 166.0, 181.0, 57.0, 79.0, 18.0, 95.0, 394.0, 22.0, 232.0, 79.0, 70.0, 24.0, 37.0, 76.0, 29.0, 149.0, 33.0, 28.0, 338.0, 90.0, 312.0]}]