[iter 0000] p_lb=0.000 u=1.000 c=0.6931 n_pre=933 n_post=100 n_trans=1033 cert_safe=0.000 cert_goal=0.000 cert_fail=1.000 safe_eval=0.000 goal_eval=0.000 fail_eval=1.000 avg_ret=9.38 sem_ret=0.08 iter_time=1.70s total_time=2.98s ln=inf lp=inf lq=inf ld=inf lo=inf max_vio=inf ep=0 status=epoch-limit-infeasible
[iter 0000 returns] returns=[9.0, 11.0, 9.0, 9.0, 9.0, 9.0, 10.0, 9.0, 9.0, 10.0, 9.0, 10.0, 11.0, 8.0, 9.0, 10.0, 8.0, 10.0, 8.0, 10.0, 9.0, 9.0, 10.0, 9.0, 10.0, 10.0, 9.0, 10.0, 10.0, 8.0, 9.0, 9.0, 9.0, 8.0, 9.0, 10.0, 9.0, 9.0, 9.0, 10.0, 10.0, 9.0, 10.0, 10.0, 9.0, 10.0, 9.0, 10.0, 9.0, 10.0, 9.0, 10.0, 8.0, 11.0, 10.0, 8.0, 10.0, 9.0, 9.0, 9.0, 10.0, 10.0, 9.0, 10.0, 9.0, 10.0, 9.0, 11.0, 8.0, 8.0, 10.0, 9.0, 10.0, 10.0, 10.0, 8.0, 8.0, 8.0, 9.0, 10.0, 8.0, 10.0, 10.0, 10.0, 10.0, 9.0, 10.0, 9.0, 9.0, 9.0, 9.0, 8.0, 11.0, 9.0, 10.0, 10.0, 10.0, 10.0, 10.0, 10.0]
[iter 0001] p_lb=0.000 u=1.000 c=0.6931 n_pre=943 n_post=100 n_trans=1043 cert_safe=0.000 cert_goal=0.000 cert_fail=1.000 safe_eval=0.000 goal_eval=0.000 fail_eval=1.000 avg_ret=9.46 sem_ret=0.08 iter_time=1.65s total_time=4.64s ln=inf lp=inf lq=inf ld=inf lo=inf max_vio=inf ep=0 status=epoch-limit-infeasible
[iter 0001 returns] returns=[10.0, 10.0, 10.0, 11.0, 9.0, 9.0, 8.0, 11.0, 9.0, 9.0, 8.0, 9.0, 8.0, 10.0, 9.0, 10.0, 10.0, 9.0, 10.0, 9.0, 10.0, 9.0, 8.0, 10.0, 10.0, 8.0, 10.0, 8.0, 9.0, 10.0, 8.0, 10.0, 10.0, 11.0, 10.0, 10.0, 10.0, 10.0, 10.0, 10.0, 8.0, 9.0, 10.0, 10.0, 10.0, 10.0, 9.0, 9.0, 10.0, 10.0, 10.0, 9.0, 8.0, 9.0, 9.0, 9.0, 8.0, 10.0, 9.0, 10.0, 9.0, 10.0, 10.0, 8.0, 8.0, 11.0, 9.0, 9.0, 10.0, 10.0, 9.0, 10.0, 11.0, 9.0, 9.0, 9.0, 8.0, 9.0, 9.0, 11.0, 10.0, 9.0, 9.0, 9.0, 10.0, 10.0, 11.0, 10.0, 10.0, 9.0, 10.0, 10.0, 9.0, 10.0, 11.0, 10.0, 9.0, 9.0, 9.0, 9.0]
[iter 0002] p_lb=0.000 u=1.000 c=0.6931 n_pre=940 n_post=100 n_trans=1040 cert_safe=0.000 cert_goal=0.000 cert_fail=1.000 safe_eval=0.000 goal_eval=0.000 fail_eval=1.000 avg_ret=9.39 sem_ret=0.08 iter_time=1.60s total_time=6.24s ln=inf lp=inf lq=inf ld=inf lo=inf max_vio=inf ep=0 status=epoch-limit-infeasible
[iter 0002 returns] returns=[11.0, 9.0, 10.0, 10.0, 9.0, 10.0, 9.0, 10.0, 9.0, 9.0, 10.0, 8.0, 9.0, 10.0, 10.0, 9.0, 11.0, 10.0, 9.0, 8.0, 9.0, 10.0, 10.0, 8.0, 10.0, 9.0, 10.0, 10.0, 9.0, 10.0, 10.0, 9.0, 10.0, 10.0, 9.0, 9.0, 9.0, 10.0, 9.0, 9.0, 9.0, 8.0, 10.0, 8.0, 10.0, 10.0, 9.0, 8.0, 9.0, 8.0, 10.0, 9.0, 9.0, 8.0, 9.0, 8.0, 8.0, 10.0, 10.0, 10.0, 10.0, 10.0, 9.0, 10.0, 9.0, 10.0, 9.0, 10.0, 10.0, 10.0, 10.0, 9.0, 10.0, 10.0, 9.0, 9.0, 10.0, 10.0, 8.0, 9.0, 9.0, 9.0, 10.0, 11.0, 11.0, 9.0, 8.0, 10.0, 11.0, 8.0, 8.0, 10.0, 10.0, 9.0, 10.0, 9.0, 9.0, 10.0, 9.0, 9.0]
[iter 0003] p_lb=0.000 u=1.000 c=0.6931 n_pre=940 n_post=100 n_trans=1040 cert_safe=0.000 cert_goal=0.000 cert_fail=1.000 safe_eval=0.000 goal_eval=0.000 fail_eval=1.000 avg_ret=9.33 sem_ret=0.07 iter_time=1.61s total_time=7.85s ln=inf lp=inf lq=inf ld=inf lo=inf max_vio=inf ep=0 status=epoch-limit-infeasible
[iter 0003 returns] returns=[10.0, 9.0, 8.0, 8.0, 10.0, 10.0, 10.0, 11.0, 10.0, 9.0, 9.0, 8.0, 9.0, 9.0, 9.0, 10.0, 10.0, 9.0, 10.0, 8.0, 10.0, 10.0, 10.0, 9.0, 9.0, 9.0, 10.0, 10.0, 10.0, 10.0, 9.0, 9.0, 8.0, 9.0, 8.0, 8.0, 9.0, 10.0, 8.0, 9.0, 9.0, 10.0, 10.0, 10.0, 10.0, 9.0, 9.0, 9.0, 9.0, 10.0, 9.0, 10.0, 9.0, 10.0, 10.0, 9.0, 9.0, 9.0, 9.0, 10.0, 9.0, 10.0, 10.0, 8.0, 10.0, 10.0, 10.0, 10.0, 9.0, 9.0, 10.0, 10.0, 10.0, 9.0, 10.0, 8.0, 9.0, 10.0, 9.0, 10.0, 10.0, 10.0, 8.0, 9.0, 10.0, 10.0, 10.0, 9.0, 9.0, 8.0, 9.0, 9.0, 11.0, 8.0, 9.0, 9.0, 9.0, 8.0, 9.0, 10.0]
[iter 0004] p_lb=0.000 u=1.000 c=0.6931 n_pre=925 n_post=100 n_trans=1025 cert_safe=0.000 cert_goal=0.000 cert_fail=1.000 safe_eval=0.000 goal_eval=0.000 fail_eval=1.000 avg_ret=9.30 sem_ret=0.08 iter_time=1.61s total_time=9.47s ln=inf lp=inf lq=inf ld=inf lo=inf max_vio=inf ep=0 status=epoch-limit-infeasible
[iter 0004 returns] returns=[9.0, 9.0, 8.0, 9.0, 9.0, 9.0, 10.0, 10.0, 9.0, 8.0, 10.0, 9.0, 9.0, 9.0, 9.0, 10.0, 10.0, 8.0, 9.0, 8.0, 9.0, 9.0, 10.0, 9.0, 11.0, 10.0, 8.0, 11.0, 10.0, 9.0, 9.0, 8.0, 8.0, 8.0, 8.0, 9.0, 10.0, 9.0, 9.0, 10.0, 10.0, 9.0, 11.0, 8.0, 9.0, 9.0, 10.0, 9.0, 9.0, 10.0, 10.0, 9.0, 10.0, 10.0, 10.0, 9.0, 8.0, 8.0, 9.0, 9.0, 9.0, 10.0, 10.0, 8.0, 10.0, 10.0, 10.0, 10.0, 9.0, 9.0, 10.0, 10.0, 11.0, 10.0, 9.0, 9.0, 10.0, 10.0, 10.0, 10.0, 9.0, 8.0, 10.0, 8.0, 10.0, 9.0, 10.0, 8.0, 9.0, 10.0, 10.0, 10.0, 9.0, 9.0, 9.0, 9.0, 10.0, 9.0, 10.0, 9.0]
[iter 0005] p_lb=0.000 u=1.000 c=0.6931 n_pre=934 n_post=100 n_trans=1034 cert_safe=0.000 cert_goal=0.000 cert_fail=1.000 safe_eval=0.000 goal_eval=0.000 fail_eval=1.000 avg_ret=9.43 sem_ret=0.08 iter_time=1.61s total_time=11.07s ln=inf lp=inf lq=inf ld=inf lo=inf max_vio=inf ep=0 status=epoch-limit-infeasible
[iter 0005 returns] returns=[11.0, 8.0, 9.0, 9.0, 10.0, 8.0, 10.0, 9.0, 9.0, 9.0, 8.0, 9.0, 10.0, 8.0, 10.0, 10.0, 9.0, 10.0, 10.0, 8.0, 10.0, 10.0, 10.0, 8.0, 10.0, 10.0, 9.0, 10.0, 10.0, 9.0, 8.0, 10.0, 9.0, 9.0, 10.0, 10.0, 10.0, 9.0, 10.0, 9.0, 10.0, 9.0, 9.0, 10.0, 10.0, 10.0, 10.0, 9.0, 11.0, 8.0, 10.0, 10.0, 9.0, 8.0, 10.0, 8.0, 8.0, 10.0, 10.0, 8.0, 10.0, 9.0, 10.0, 9.0, 9.0, 9.0, 9.0, 9.0, 8.0, 9.0, 10.0, 9.0, 11.0, 9.0, 10.0, 9.0, 10.0, 10.0, 10.0, 10.0, 9.0, 10.0, 10.0, 9.0, 9.0, 10.0, 9.0, 10.0, 11.0, 9.0, 10.0, 9.0, 10.0, 10.0, 9.0, 10.0, 10.0, 9.0, 11.0, 9.0]
[iter 0006] p_lb=0.000 u=1.000 c=0.6931 n_pre=949 n_post=100 n_trans=1049 cert_safe=0.000 cert_goal=0.000 cert_fail=1.000 safe_eval=0.000 goal_eval=0.000 fail_eval=1.000 avg_ret=9.44 sem_ret=0.07 iter_time=1.60s total_time=12.68s ln=inf lp=inf lq=inf ld=inf lo=inf max_vio=inf ep=0 status=epoch-limit-infeasible
[iter 0006 returns] returns=[9.0, 10.0, 9.0, 9.0, 9.0, 10.0, 10.0, 8.0, 11.0, 10.0, 10.0, 10.0, 10.0, 10.0, 9.0, 10.0, 9.0, 9.0, 9.0, 10.0, 8.0, 10.0, 10.0, 10.0, 10.0, 10.0, 10.0, 10.0, 9.0, 9.0, 8.0, 10.0, 9.0, 9.0, 9.0, 10.0, 10.0, 9.0, 9.0, 9.0, 9.0, 9.0, 10.0, 10.0, 10.0, 10.0, 9.0, 10.0, 9.0, 9.0, 9.0, 10.0, 9.0, 10.0, 10.0, 9.0, 10.0, 9.0, 8.0, 10.0, 9.0, 10.0, 9.0, 11.0, 10.0, 9.0, 10.0, 9.0, 9.0, 10.0, 8.0, 11.0, 9.0, 9.0, 10.0, 9.0, 10.0, 9.0, 9.0, 8.0, 9.0, 10.0, 9.0, 9.0, 9.0, 10.0, 9.0, 9.0, 9.0, 10.0, 8.0, 10.0, 10.0, 9.0, 10.0, 9.0, 9.0, 10.0, 10.0, 10.0]
[iter 0007] p_lb=0.000 u=1.000 c=0.6931 n_pre=934 n_post=100 n_trans=1034 cert_safe=0.000 cert_goal=0.000 cert_fail=1.000 safe_eval=0.000 goal_eval=0.000 fail_eval=1.000 avg_ret=9.30 sem_ret=0.08 iter_time=1.60s total_time=14.28s ln=inf lp=inf lq=inf ld=inf lo=inf max_vio=inf ep=0 status=epoch-limit-infeasible
[iter 0007 returns] returns=[9.0, 9.0, 9.0, 8.0, 10.0, 8.0, 9.0, 10.0, 8.0, 11.0, 9.0, 9.0, 9.0, 9.0, 9.0, 10.0, 9.0, 10.0, 10.0, 10.0, 8.0, 9.0, 10.0, 9.0, 8.0, 8.0, 9.0, 9.0, 9.0, 11.0, 10.0, 9.0, 11.0, 9.0, 9.0, 9.0, 9.0, 10.0, 8.0, 10.0, 10.0, 9.0, 10.0, 9.0, 9.0, 10.0, 9.0, 10.0, 10.0, 10.0, 10.0, 9.0, 9.0, 9.0, 8.0, 9.0, 10.0, 9.0, 10.0, 10.0, 10.0, 10.0, 9.0, 9.0, 9.0, 8.0, 9.0, 9.0, 9.0, 8.0, 10.0, 10.0, 10.0, 11.0, 9.0, 10.0, 10.0, 10.0, 9.0, 10.0, 10.0, 9.0, 9.0, 9.0, 9.0, 11.0, 9.0, 8.0, 9.0, 9.0, 8.0, 9.0, 10.0, 10.0, 9.0, 10.0, 9.0, 9.0, 8.0, 9.0]
[iter 0008] p_lb=0.000 u=1.000 c=0.6931 n_pre=936 n_post=100 n_trans=1036 cert_safe=0.000 cert_goal=0.000 cert_fail=1.000 safe_eval=0.000 goal_eval=0.000 fail_eval=1.000 avg_ret=9.39 sem_ret=0.08 iter_time=1.60s total_time=15.88s ln=inf lp=inf lq=inf ld=inf lo=inf max_vio=inf ep=0 status=epoch-limit-infeasible
[iter 0008 returns] returns=[9.0, 8.0, 10.0, 8.0, 9.0, 9.0, 10.0, 9.0, 10.0, 9.0, 9.0, 10.0, 9.0, 10.0, 10.0, 10.0, 10.0, 10.0, 10.0, 10.0, 10.0, 10.0, 8.0, 8.0, 10.0, 8.0, 9.0, 9.0, 11.0, 9.0, 10.0, 11.0, 9.0, 9.0, 10.0, 9.0, 9.0, 10.0, 9.0, 9.0, 10.0, 8.0, 9.0, 9.0, 9.0, 9.0, 9.0, 8.0, 10.0, 10.0, 10.0, 10.0, 9.0, 10.0, 9.0, 10.0, 9.0, 10.0, 9.0, 10.0, 9.0, 10.0, 9.0, 9.0, 10.0, 10.0, 9.0, 8.0, 10.0, 10.0, 9.0, 9.0, 9.0, 9.0, 10.0, 9.0, 10.0, 9.0, 9.0, 10.0, 9.0, 8.0, 9.0, 9.0, 10.0, 9.0, 8.0, 11.0, 9.0, 9.0, 10.0, 11.0, 10.0, 9.0, 11.0, 10.0, 9.0, 8.0, 10.0, 10.0]
[iter 0009] p_lb=0.000 u=1.000 c=0.6931 n_pre=933 n_post=100 n_trans=1033 cert_safe=0.000 cert_goal=0.000 cert_fail=1.000 safe_eval=0.000 goal_eval=0.000 fail_eval=1.000 avg_ret=9.34 sem_ret=0.07 iter_time=1.59s total_time=17.48s ln=inf lp=inf lq=inf ld=inf lo=inf max_vio=inf ep=0 status=epoch-limit-infeasible
[iter 0009 returns] returns=[10.0, 9.0, 8.0, 8.0, 9.0, 10.0, 8.0, 10.0, 10.0, 11.0, 10.0, 9.0, 10.0, 9.0, 10.0, 9.0, 10.0, 10.0, 10.0, 10.0, 9.0, 8.0, 10.0, 10.0, 9.0, 10.0, 10.0, 10.0, 9.0, 9.0, 10.0, 9.0, 10.0, 9.0, 9.0, 9.0, 9.0, 10.0, 9.0, 10.0, 9.0, 8.0, 10.0, 8.0, 8.0, 9.0, 8.0, 8.0, 9.0, 10.0, 10.0, 11.0, 8.0, 10.0, 9.0, 8.0, 10.0, 10.0, 9.0, 9.0, 8.0, 10.0, 10.0, 10.0, 9.0, 10.0, 9.0, 9.0, 9.0, 9.0, 10.0, 9.0, 9.0, 9.0, 9.0, 10.0, 10.0, 10.0, 10.0, 10.0, 9.0, 10.0, 9.0, 9.0, 9.0, 9.0, 8.0, 9.0, 9.0, 10.0, 10.0, 9.0, 9.0, 10.0, 9.0, 8.0, 10.0, 10.0, 10.0, 10.0]
[iter 0010] p_lb=0.000 u=1.000 c=0.6931 n_pre=940 n_post=100 n_trans=1040 cert_safe=0.000 cert_goal=0.000 cert_fail=1.000 safe_eval=0.000 goal_eval=0.000 fail_eval=1.000 avg_ret=9.39 sem_ret=0.07 iter_time=1.60s total_time=19.07s ln=inf lp=inf lq=inf ld=inf lo=inf max_vio=inf ep=0 status=epoch-limit-infeasible
[iter 0010 returns] returns=[9.0, 8.0, 10.0, 10.0, 8.0, 8.0, 10.0, 10.0, 9.0, 9.0, 10.0, 8.0, 9.0, 10.0, 10.0, 10.0, 10.0, 8.0, 10.0, 9.0, 8.0, 10.0, 10.0, 9.0, 10.0, 9.0, 10.0, 10.0, 10.0, 9.0, 10.0, 9.0, 9.0, 10.0, 10.0, 10.0, 10.0, 10.0, 10.0, 9.0, 10.0, 10.0, 10.0, 9.0, 9.0, 10.0, 10.0, 9.0, 10.0, 9.0, 9.0, 10.0, 9.0, 9.0, 9.0, 10.0, 8.0, 9.0, 9.0, 10.0, 9.0, 9.0, 10.0, 10.0, 9.0, 9.0, 8.0, 10.0, 9.0, 10.0, 9.0, 10.0, 10.0, 9.0, 9.0, 8.0, 10.0, 10.0, 9.0, 8.0, 10.0, 10.0, 10.0, 10.0, 10.0, 11.0, 10.0, 10.0, 8.0, 9.0, 10.0, 9.0, 8.0, 10.0, 9.0, 10.0, 9.0, 8.0, 9.0, 9.0]
[iter 0011] p_lb=0.000 u=1.000 c=0.6931 n_pre=935 n_post=100 n_trans=1035 cert_safe=0.000 cert_goal=0.000 cert_fail=1.000 safe_eval=0.000 goal_eval=0.000 fail_eval=1.000 avg_ret=9.31 sem_ret=0.07 iter_time=1.60s total_time=20.68s ln=inf lp=inf lq=inf ld=inf lo=inf max_vio=inf ep=0 status=epoch-limit-infeasible
[iter 0011 returns] returns=[9.0, 10.0, 9.0, 8.0, 9.0, 9.0, 10.0, 10.0, 10.0, 9.0, 8.0, 10.0, 9.0, 9.0, 9.0, 10.0, 10.0, 9.0, 8.0, 9.0, 8.0, 10.0, 10.0, 10.0, 10.0, 10.0, 10.0, 8.0, 9.0, 9.0, 9.0, 10.0, 8.0, 9.0, 9.0, 10.0, 9.0, 9.0, 10.0, 9.0, 10.0, 10.0, 9.0, 10.0, 9.0, 10.0, 9.0, 10.0, 9.0, 10.0, 9.0, 9.0, 9.0, 9.0, 11.0, 9.0, 10.0, 10.0, 10.0, 10.0, 8.0, 9.0, 8.0, 8.0, 10.0, 9.0, 8.0, 10.0, 10.0, 9.0, 10.0, 9.0, 9.0, 9.0, 9.0, 9.0, 9.0, 10.0, 8.0, 9.0, 8.0, 10.0, 9.0, 10.0, 9.0, 10.0, 9.0, 9.0, 9.0, 10.0, 10.0, 10.0, 10.0, 8.0, 10.0, 9.0, 10.0, 10.0, 9.0, 10.0]
[iter 0012] p_lb=0.000 u=1.000 c=0.6931 n_pre=921 n_post=100 n_trans=1021 cert_safe=0.000 cert_goal=0.000 cert_fail=1.000 safe_eval=0.000 goal_eval=0.000 fail_eval=1.000 avg_ret=9.30 sem_ret=0.08 iter_time=1.59s total_time=22.27s ln=inf lp=inf lq=inf ld=inf lo=inf max_vio=inf ep=0 status=epoch-limit-infeasible
[iter 0012 returns] returns=[10.0, 8.0, 9.0, 10.0, 9.0, 8.0, 9.0, 8.0, 10.0, 10.0, 8.0, 9.0, 10.0, 10.0, 11.0, 9.0, 10.0, 9.0, 10.0, 10.0, 10.0, 9.0, 9.0, 9.0, 10.0, 10.0, 10.0, 8.0, 10.0, 10.0, 8.0, 9.0, 10.0, 9.0, 9.0, 11.0, 10.0, 9.0, 9.0, 9.0, 9.0, 9.0, 9.0, 9.0, 10.0, 9.0, 10.0, 9.0, 8.0, 10.0, 10.0, 9.0, 10.0, 9.0, 8.0, 8.0, 10.0, 9.0, 10.0, 10.0, 10.0, 9.0, 9.0, 10.0, 8.0, 9.0, 11.0, 8.0, 9.0, 10.0, 8.0, 10.0, 9.0, 9.0, 10.0, 9.0, 9.0, 8.0, 9.0, 10.0, 9.0, 8.0, 10.0, 9.0, 10.0, 9.0, 9.0, 10.0, 11.0, 8.0, 10.0, 10.0, 9.0, 9.0, 9.0, 8.0, 10.0, 9.0, 9.0, 10.0]
[iter 0013] p_lb=0.000 u=1.000 c=0.6931 n_pre=930 n_post=100 n_trans=1030 cert_safe=0.000 cert_goal=0.000 cert_fail=1.000 safe_eval=0.000 goal_eval=0.000 fail_eval=1.000 avg_ret=9.27 sem_ret=0.07 iter_time=1.62s total_time=23.89s ln=inf lp=inf lq=inf ld=inf lo=inf max_vio=inf ep=0 status=epoch-limit-infeasible
[iter 0013 returns] returns=[9.0, 10.0, 9.0, 9.0, 9.0, 8.0, 8.0, 10.0, 9.0, 10.0, 10.0, 8.0, 10.0, 9.0, 9.0, 9.0, 10.0, 8.0, 10.0, 8.0, 10.0, 9.0, 9.0, 8.0, 9.0, 10.0, 9.0, 9.0, 9.0, 9.0, 10.0, 9.0, 9.0, 9.0, 9.0, 10.0, 10.0, 9.0, 9.0, 9.0, 9.0, 10.0, 11.0, 10.0, 9.0, 9.0, 9.0, 9.0, 8.0, 10.0, 10.0, 9.0, 10.0, 9.0, 10.0, 9.0, 9.0, 11.0, 9.0, 8.0, 9.0, 9.0, 10.0, 9.0, 8.0, 9.0, 10.0, 10.0, 9.0, 10.0, 9.0, 10.0, 9.0, 9.0, 8.0, 10.0, 9.0, 9.0, 9.0, 10.0, 9.0, 9.0, 10.0, 10.0, 10.0, 8.0, 10.0, 10.0, 10.0, 10.0, 8.0, 11.0, 9.0, 10.0, 8.0, 9.0, 8.0, 9.0, 10.0, 10.0]
[iter 0014] p_lb=0.000 u=1.000 c=0.6931 n_pre=937 n_post=100 n_trans=1037 cert_safe=0.000 cert_goal=0.000 cert_fail=1.000 safe_eval=0.000 goal_eval=0.000 fail_eval=1.000 avg_ret=9.30 sem_ret=0.07 iter_time=1.63s total_time=25.52s ln=inf lp=inf lq=inf ld=inf lo=inf max_vio=inf ep=0 status=epoch-limit-infeasible
[iter 0014 returns] returns=[9.0, 10.0, 10.0, 9.0, 9.0, 9.0, 9.0, 9.0, 10.0, 10.0, 9.0, 8.0, 10.0, 9.0, 10.0, 9.0, 9.0, 8.0, 9.0, 9.0, 10.0, 9.0, 11.0, 9.0, 10.0, 9.0, 10.0, 9.0, 9.0, 9.0, 9.0, 9.0, 8.0, 9.0, 10.0, 10.0, 8.0, 9.0, 10.0, 9.0, 9.0, 9.0, 9.0, 9.0, 9.0, 9.0, 9.0, 9.0, 10.0, 10.0, 8.0, 10.0, 10.0, 9.0, 10.0, 9.0, 9.0, 8.0, 9.0, 11.0, 11.0, 9.0, 10.0, 9.0, 10.0, 10.0, 10.0, 10.0, 10.0, 9.0, 8.0, 10.0, 9.0, 10.0, 10.0, 9.0, 10.0, 9.0, 10.0, 10.0, 10.0, 9.0, 8.0, 9.0, 9.0, 9.0, 9.0, 8.0, 10.0, 9.0, 9.0, 9.0, 9.0, 9.0, 10.0, 10.0, 9.0, 9.0, 9.0, 9.0]
[iter 0015] p_lb=0.000 u=1.000 c=0.6931 n_pre=941 n_post=100 n_trans=1041 cert_safe=0.000 cert_goal=0.000 cert_fail=1.000 safe_eval=0.000 goal_eval=0.000 fail_eval=1.000 avg_ret=9.38 sem_ret=0.08 iter_time=1.62s total_time=27.14s ln=inf lp=inf lq=inf ld=inf lo=inf max_vio=inf ep=0 status=epoch-limit-infeasible
[iter 0015 returns] returns=[8.0, 8.0, 9.0, 10.0, 10.0, 10.0, 8.0, 10.0, 10.0, 10.0, 9.0, 8.0, 8.0, 9.0, 9.0, 10.0, 10.0, 8.0, 10.0, 10.0, 10.0, 10.0, 9.0, 10.0, 9.0, 9.0, 10.0, 10.0, 11.0, 9.0, 8.0, 10.0, 9.0, 10.0, 9.0, 10.0, 10.0, 9.0, 9.0, 9.0, 9.0, 10.0, 9.0, 11.0, 8.0, 10.0, 8.0, 10.0, 9.0, 9.0, 10.0, 10.0, 8.0, 10.0, 9.0, 9.0, 9.0, 10.0, 9.0, 9.0, 9.0, 9.0, 9.0, 10.0, 10.0, 9.0, 10.0, 10.0, 9.0, 9.0, 10.0, 10.0, 10.0, 10.0, 10.0, 10.0, 9.0, 9.0, 10.0, 8.0, 10.0, 10.0, 9.0, 9.0, 9.0, 8.0, 10.0, 9.0, 10.0, 10.0, 10.0, 10.0, 10.0, 11.0, 9.0, 8.0, 9.0, 8.0, 9.0, 10.0]
[iter 0016] p_lb=0.000 u=1.000 c=0.6931 n_pre=949 n_post=100 n_trans=1049 cert_safe=0.000 cert_goal=0.000 cert_fail=1.000 safe_eval=0.000 goal_eval=0.000 fail_eval=1.000 avg_ret=9.47 sem_ret=0.07 iter_time=1.62s total_time=28.77s ln=inf lp=inf lq=inf ld=inf lo=inf max_vio=inf ep=0 status=epoch-limit-infeasible
[iter 0016 returns] returns=[9.0, 10.0, 8.0, 9.0, 8.0, 10.0, 9.0, 10.0, 10.0, 8.0, 9.0, 9.0, 9.0, 9.0, 9.0, 10.0, 9.0, 10.0, 10.0, 10.0, 9.0, 10.0, 11.0, 9.0, 10.0, 8.0, 9.0, 10.0, 9.0, 10.0, 10.0, 9.0, 9.0, 10.0, 10.0, 10.0, 10.0, 8.0, 10.0, 9.0, 9.0, 9.0, 9.0, 10.0, 10.0, 10.0, 9.0, 9.0, 10.0, 10.0, 10.0, 10.0, 8.0, 10.0, 9.0, 10.0, 10.0, 8.0, 10.0, 10.0, 9.0, 10.0, 8.0, 10.0, 10.0, 9.0, 10.0, 10.0, 10.0, 8.0, 9.0, 9.0, 10.0, 10.0, 10.0, 10.0, 10.0, 9.0, 8.0, 10.0, 8.0, 9.0, 8.0, 10.0, 9.0, 10.0, 10.0, 10.0, 10.0, 10.0, 10.0, 10.0, 11.0, 10.0, 9.0, 10.0, 10.0, 11.0, 9.0, 9.0]
[iter 0017] p_lb=0.000 u=1.000 c=0.6931 n_pre=929 n_post=100 n_trans=1029 cert_safe=0.000 cert_goal=0.000 cert_fail=1.000 safe_eval=0.000 goal_eval=0.000 fail_eval=1.000 avg_ret=9.41 sem_ret=0.08 iter_time=1.61s total_time=30.38s ln=inf lp=inf lq=inf ld=inf lo=inf max_vio=inf ep=0 status=epoch-limit-infeasible
[iter 0017 returns] returns=[10.0, 10.0, 10.0, 10.0, 10.0, 10.0, 9.0, 10.0, 9.0, 9.0, 9.0, 10.0, 9.0, 11.0, 10.0, 9.0, 9.0, 9.0, 9.0, 9.0, 9.0, 10.0, 10.0, 10.0, 10.0, 10.0, 10.0, 10.0, 8.0, 8.0, 10.0, 10.0, 9.0, 10.0, 10.0, 10.0, 9.0, 10.0, 10.0, 8.0, 10.0, 10.0, 10.0, 9.0, 10.0, 10.0, 10.0, 8.0, 9.0, 9.0, 9.0, 10.0, 8.0, 9.0, 11.0, 10.0, 8.0, 8.0, 10.0, 10.0, 8.0, 8.0, 10.0, 9.0, 9.0, 8.0, 9.0, 10.0, 10.0, 9.0, 10.0, 10.0, 9.0, 9.0, 9.0, 10.0, 9.0, 10.0, 11.0, 9.0, 10.0, 8.0, 9.0, 9.0, 9.0, 9.0, 10.0, 9.0, 9.0, 10.0, 10.0, 8.0, 8.0, 9.0, 9.0, 10.0, 10.0, 10.0, 9.0, 10.0]
[iter 0018] p_lb=0.000 u=1.000 c=0.6931 n_pre=934 n_post=100 n_trans=1034 cert_safe=0.000 cert_goal=0.000 cert_fail=1.000 safe_eval=0.000 goal_eval=0.000 fail_eval=1.000 avg_ret=9.33 sem_ret=0.07 iter_time=1.68s total_time=32.06s ln=inf lp=inf lq=inf ld=inf lo=inf max_vio=inf ep=0 status=epoch-limit-infeasible
[iter 0018 returns] returns=[10.0, 10.0, 9.0, 9.0, 10.0, 9.0, 10.0, 9.0, 10.0, 10.0, 9.0, 9.0, 10.0, 10.0, 9.0, 8.0, 9.0, 9.0, 10.0, 10.0, 9.0, 10.0, 10.0, 10.0, 9.0, 11.0, 10.0, 9.0, 9.0, 8.0, 10.0, 10.0, 10.0, 9.0, 8.0, 8.0, 9.0, 10.0, 9.0, 9.0, 9.0, 10.0, 10.0, 8.0, 9.0, 8.0, 8.0, 9.0, 10.0, 10.0, 9.0, 10.0, 10.0, 9.0, 9.0, 9.0, 9.0, 9.0, 10.0, 9.0, 8.0, 10.0, 9.0, 8.0, 9.0, 10.0, 9.0, 8.0, 9.0, 8.0, 9.0, 10.0, 9.0, 10.0, 9.0, 10.0, 9.0, 8.0, 9.0, 10.0, 10.0, 10.0, 10.0, 9.0, 9.0, 10.0, 10.0, 9.0, 10.0, 9.0, 9.0, 9.0, 10.0, 9.0, 10.0, 11.0, 9.0, 10.0, 10.0, 9.0]
[iter 0019] p_lb=0.000 u=1.000 c=0.6931 n_pre=933 n_post=100 n_trans=1033 cert_safe=0.000 cert_goal=0.000 cert_fail=1.000 safe_eval=0.000 goal_eval=0.000 fail_eval=1.000 avg_ret=9.29 sem_ret=0.08 iter_time=1.62s total_time=33.68s ln=inf lp=inf lq=inf ld=inf lo=inf max_vio=inf ep=0 status=epoch-limit-infeasible
[iter 0019 returns] returns=[8.0, 9.0, 10.0, 9.0, 8.0, 10.0, 9.0, 10.0, 10.0, 9.0, 10.0, 10.0, 10.0, 9.0, 10.0, 9.0, 10.0, 8.0, 8.0, 10.0, 9.0, 9.0, 10.0, 10.0, 10.0, 10.0, 9.0, 8.0, 9.0, 9.0, 10.0, 9.0, 8.0, 8.0, 9.0, 9.0, 8.0, 9.0, 10.0, 10.0, 10.0, 9.0, 9.0, 10.0, 10.0, 9.0, 9.0, 9.0, 9.0, 10.0, 9.0, 9.0, 9.0, 10.0, 9.0, 11.0, 10.0, 10.0, 9.0, 9.0, 9.0, 9.0, 10.0, 10.0, 8.0, 11.0, 8.0, 10.0, 8.0, 9.0, 10.0, 9.0, 10.0, 9.0, 9.0, 8.0, 9.0, 9.0, 10.0, 10.0, 8.0, 11.0, 9.0, 10.0, 10.0, 10.0, 10.0, 10.0, 9.0, 8.0, 9.0, 9.0, 10.0, 9.0, 9.0, 10.0, 8.0, 10.0, 9.0, 8.0]
[iter 0020] p_lb=0.000 u=1.000 c=0.6931 n_pre=931 n_post=100 n_trans=1031 cert_safe=0.000 cert_goal=0.000 cert_fail=1.000 safe_eval=0.000 goal_eval=0.000 fail_eval=1.000 avg_ret=9.35 sem_ret=0.07 iter_time=1.69s total_time=35.36s ln=inf lp=inf lq=inf ld=inf lo=inf max_vio=inf ep=0 status=epoch-limit-infeasible
[iter 0020 returns] returns=[10.0, 10.0, 9.0, 9.0, 9.0, 10.0, 8.0, 8.0, 10.0, 9.0, 10.0, 9.0, 10.0, 8.0, 10.0, 9.0, 9.0, 9.0, 9.0, 10.0, 9.0, 8.0, 9.0, 9.0, 11.0, 10.0, 9.0, 10.0, 9.0, 10.0, 10.0, 9.0, 9.0, 10.0, 10.0, 10.0, 9.0, 10.0, 10.0, 10.0, 9.0, 11.0, 10.0, 8.0, 8.0, 9.0, 10.0, 9.0, 10.0, 10.0, 10.0, 10.0, 8.0, 10.0, 10.0, 9.0, 8.0, 10.0, 9.0, 10.0, 9.0, 9.0, 10.0, 9.0, 9.0, 10.0, 9.0, 9.0, 9.0, 10.0, 9.0, 9.0, 10.0, 9.0, 9.0, 10.0, 9.0, 9.0, 10.0, 9.0, 9.0, 9.0, 9.0, 10.0, 9.0, 9.0, 8.0, 9.0, 10.0, 9.0, 10.0, 9.0, 8.0, 10.0, 10.0, 9.0, 9.0, 10.0, 10.0, 9.0]
[iter 0021] p_lb=0.000 u=1.000 c=0.6931 n_pre=946 n_post=100 n_trans=1046 cert_safe=0.000 cert_goal=0.000 cert_fail=1.000 safe_eval=0.000 goal_eval=0.000 fail_eval=1.000 avg_ret=9.34 sem_ret=0.08 iter_time=1.69s total_time=37.05s ln=inf lp=inf lq=inf ld=inf lo=inf max_vio=inf ep=0 status=epoch-limit-infeasible
[iter 0021 returns] returns=[10.0, 9.0, 8.0, 10.0, 8.0, 9.0, 9.0, 10.0, 10.0, 9.0, 10.0, 8.0, 8.0, 10.0, 10.0, 9.0, 9.0, 10.0, 9.0, 10.0, 9.0, 9.0, 11.0, 9.0, 9.0, 9.0, 9.0, 9.0, 9.0, 10.0, 8.0, 10.0, 10.0, 10.0, 11.0, 10.0, 10.0, 10.0, 10.0, 9.0, 10.0, 10.0, 8.0, 10.0, 9.0, 9.0, 10.0, 10.0, 8.0, 10.0, 9.0, 9.0, 8.0, 10.0, 9.0, 9.0, 10.0, 10.0, 9.0, 10.0, 9.0, 9.0, 9.0, 9.0, 10.0, 9.0, 10.0, 8.0, 9.0, 10.0, 10.0, 10.0, 9.0, 8.0, 9.0, 8.0, 10.0, 10.0, 9.0, 9.0, 9.0, 9.0, 9.0, 10.0, 9.0, 9.0, 8.0, 10.0, 8.0, 9.0, 9.0, 10.0, 10.0, 8.0, 10.0, 10.0, 10.0, 11.0, 9.0, 10.0]
[iter 0022] p_lb=0.000 u=1.000 c=0.6931 n_pre=937 n_post=100 n_trans=1037 cert_safe=0.000 cert_goal=0.000 cert_fail=1.000 safe_eval=0.000 goal_eval=0.000 fail_eval=1.000 avg_ret=9.45 sem_ret=0.08 iter_time=1.71s total_time=38.76s ln=inf lp=inf lq=inf ld=inf lo=inf max_vio=inf ep=0 status=epoch-limit-infeasible
[iter 0022 returns] returns=[8.0, 10.0, 8.0, 10.0, 9.0, 10.0, 9.0, 10.0, 10.0, 8.0, 8.0, 9.0, 10.0, 9.0, 10.0, 9.0, 9.0, 9.0, 10.0, 8.0, 10.0, 10.0, 10.0, 11.0, 10.0, 10.0, 10.0, 9.0, 10.0, 10.0, 10.0, 9.0, 9.0, 10.0, 9.0, 10.0, 9.0, 9.0, 8.0, 9.0, 9.0, 10.0, 10.0, 9.0, 10.0, 10.0, 10.0, 10.0, 9.0, 10.0, 10.0, 10.0, 10.0, 8.0, 9.0, 10.0, 11.0, 10.0, 10.0, 9.0, 8.0, 10.0, 10.0, 11.0, 10.0, 10.0, 8.0, 10.0, 9.0, 9.0, 8.0, 9.0, 10.0, 10.0, 9.0, 10.0, 9.0, 10.0, 8.0, 9.0, 10.0, 9.0, 10.0, 10.0, 8.0, 10.0, 9.0, 10.0, 10.0, 9.0, 9.0, 9.0, 9.0, 8.0, 10.0, 10.0, 10.0, 9.0, 10.0, 10.0]
[iter 0023] p_lb=0.000 u=1.000 c=0.6931 n_pre=934 n_post=100 n_trans=1034 cert_safe=0.000 cert_goal=0.000 cert_fail=1.000 safe_eval=0.000 goal_eval=0.000 fail_eval=1.000 avg_ret=9.34 sem_ret=0.08 iter_time=1.71s total_time=40.47s ln=inf lp=inf lq=inf ld=inf lo=inf max_vio=inf ep=0 status=epoch-limit-infeasible
[iter 0023 returns] returns=[10.0, 9.0, 9.0, 9.0, 10.0, 8.0, 9.0, 10.0, 8.0, 9.0, 10.0, 10.0, 9.0, 10.0, 10.0, 9.0, 9.0, 10.0, 8.0, 9.0, 9.0, 10.0, 8.0, 10.0, 9.0, 10.0, 8.0, 10.0, 11.0, 9.0, 9.0, 9.0, 8.0, 9.0, 9.0, 9.0, 9.0, 8.0, 10.0, 9.0, 10.0, 10.0, 9.0, 10.0, 8.0, 10.0, 9.0, 9.0, 9.0, 9.0, 10.0, 10.0, 10.0, 10.0, 9.0, 10.0, 10.0, 9.0, 9.0, 9.0, 10.0, 11.0, 9.0, 9.0, 10.0, 9.0, 8.0, 9.0, 9.0, 10.0, 8.0, 9.0, 9.0, 9.0, 11.0, 10.0, 10.0, 10.0, 9.0, 10.0, 10.0, 10.0, 10.0, 9.0, 8.0, 10.0, 10.0, 8.0, 8.0, 10.0, 11.0, 8.0, 10.0, 9.0, 10.0, 9.0, 10.0, 9.0, 10.0, 9.0]
[iter 0024] p_lb=0.000 u=1.000 c=0.6931 n_pre=937 n_post=100 n_trans=1037 cert_safe=0.000 cert_goal=0.000 cert_fail=1.000 safe_eval=0.000 goal_eval=0.000 fail_eval=1.000 avg_ret=9.28 sem_ret=0.08 iter_time=1.68s total_time=42.16s ln=inf lp=inf lq=inf ld=inf lo=inf max_vio=inf ep=0 status=epoch-limit-infeasible
[iter 0024 returns] returns=[10.0, 10.0, 8.0, 9.0, 9.0, 9.0, 10.0, 10.0, 9.0, 10.0, 10.0, 8.0, 9.0, 10.0, 8.0, 10.0, 8.0, 9.0, 9.0, 9.0, 10.0, 9.0, 10.0, 10.0, 9.0, 10.0, 10.0, 11.0, 8.0, 10.0, 9.0, 10.0, 8.0, 8.0, 10.0, 10.0, 8.0, 9.0, 8.0, 10.0, 8.0, 10.0, 9.0, 9.0, 10.0, 9.0, 10.0, 9.0, 9.0, 9.0, 8.0, 9.0, 10.0, 8.0, 10.0, 9.0, 9.0, 9.0, 10.0, 9.0, 10.0, 9.0, 9.0, 9.0, 10.0, 10.0, 10.0, 9.0, 9.0, 9.0, 9.0, 9.0, 10.0, 9.0, 10.0, 9.0, 9.0, 8.0, 10.0, 10.0, 8.0, 10.0, 10.0, 9.0, 8.0, 9.0, 10.0, 11.0, 10.0, 9.0, 10.0, 11.0, 9.0, 9.0, 10.0, 10.0, 9.0, 9.0, 8.0, 8.0]
[iter 0025] p_lb=0.000 u=1.000 c=0.6931 n_pre=948 n_post=100 n_trans=1048 cert_safe=0.000 cert_goal=0.000 cert_fail=1.000 safe_eval=0.000 goal_eval=0.000 fail_eval=1.000 avg_ret=9.36 sem_ret=0.08 iter_time=1.72s total_time=43.87s ln=inf lp=inf lq=inf ld=inf lo=inf max_vio=inf ep=0 status=epoch-limit-infeasible
[iter 0025 returns] returns=[8.0, 10.0, 10.0, 10.0, 10.0, 9.0, 9.0, 9.0, 10.0, 9.0, 9.0, 11.0, 10.0, 10.0, 9.0, 9.0, 10.0, 10.0, 9.0, 9.0, 10.0, 10.0, 9.0, 10.0, 9.0, 8.0, 9.0, 9.0, 8.0, 10.0, 10.0, 9.0, 9.0, 11.0, 9.0, 8.0, 10.0, 9.0, 10.0, 10.0, 9.0, 9.0, 10.0, 9.0, 11.0, 11.0, 9.0, 10.0, 9.0, 8.0, 10.0, 8.0, 10.0, 8.0, 9.0, 9.0, 9.0, 9.0, 10.0, 9.0, 10.0, 10.0, 8.0, 8.0, 9.0, 9.0, 9.0, 8.0, 10.0, 9.0, 9.0, 9.0, 10.0, 10.0, 9.0, 8.0, 10.0, 9.0, 8.0, 10.0, 8.0, 10.0, 9.0, 10.0, 10.0, 10.0, 9.0, 10.0, 10.0, 9.0, 10.0, 10.0, 10.0, 8.0, 11.0, 10.0, 10.0, 9.0, 9.0, 9.0]
[iter 0026] p_lb=0.000 u=1.000 c=0.6931 n_pre=927 n_post=100 n_trans=1027 cert_safe=0.000 cert_goal=0.000 cert_fail=1.000 safe_eval=0.000 goal_eval=0.000 fail_eval=1.000 avg_ret=9.49 sem_ret=0.08 iter_time=1.63s total_time=45.51s ln=inf lp=inf lq=inf ld=inf lo=inf max_vio=inf ep=0 status=epoch-limit-infeasible
[iter 0026 returns] returns=[9.0, 8.0, 10.0, 10.0, 10.0, 9.0, 10.0, 11.0, 8.0, 8.0, 10.0, 10.0, 11.0, 9.0, 8.0, 9.0, 10.0, 10.0, 9.0, 9.0, 10.0, 10.0, 9.0, 10.0, 9.0, 11.0, 8.0, 9.0, 10.0, 9.0, 10.0, 10.0, 8.0, 9.0, 8.0, 11.0, 10.0, 8.0, 10.0, 9.0, 9.0, 10.0, 9.0, 9.0, 9.0, 9.0, 9.0, 9.0, 10.0, 9.0, 10.0, 9.0, 10.0, 8.0, 9.0, 11.0, 10.0, 8.0, 10.0, 10.0, 10.0, 10.0, 11.0, 10.0, 9.0, 10.0, 10.0, 10.0, 10.0, 11.0, 8.0, 10.0, 9.0, 8.0, 9.0, 10.0, 10.0, 10.0, 9.0, 9.0, 9.0, 10.0, 10.0, 10.0, 10.0, 9.0, 8.0, 10.0, 10.0, 9.0, 10.0, 11.0, 10.0, 10.0, 10.0, 9.0, 10.0, 9.0, 9.0, 10.0]
[iter 0027] p_lb=0.000 u=1.000 c=0.6931 n_pre=943 n_post=100 n_trans=1043 cert_safe=0.000 cert_goal=0.000 cert_fail=1.000 safe_eval=0.000 goal_eval=0.000 fail_eval=1.000 avg_ret=9.36 sem_ret=0.08 iter_time=1.63s total_time=47.14s ln=inf lp=inf lq=inf ld=inf lo=inf max_vio=inf ep=0 status=epoch-limit-infeasible
[iter 0027 returns] returns=[9.0, 10.0, 8.0, 10.0, 8.0, 9.0, 9.0, 10.0, 9.0, 8.0, 10.0, 10.0, 10.0, 9.0, 10.0, 9.0, 10.0, 10.0, 10.0, 9.0, 10.0, 9.0, 9.0, 9.0, 10.0, 10.0, 10.0, 10.0, 8.0, 10.0, 9.0, 9.0, 10.0, 9.0, 11.0, 9.0, 9.0, 8.0, 11.0, 9.0, 9.0, 9.0, 10.0, 10.0, 8.0, 10.0, 9.0, 10.0, 10.0, 9.0, 9.0, 10.0, 8.0, 10.0, 10.0, 10.0, 10.0, 9.0, 9.0, 9.0, 10.0, 11.0, 9.0, 10.0, 9.0, 8.0, 8.0, 9.0, 10.0, 11.0, 9.0, 10.0, 10.0, 9.0, 10.0, 9.0, 9.0, 8.0, 10.0, 10.0, 10.0, 8.0, 10.0, 8.0, 9.0, 10.0, 10.0, 10.0, 10.0, 8.0, 8.0, 9.0, 10.0, 10.0, 8.0, 10.0, 9.0, 8.0, 9.0, 9.0]
[iter 0028] p_lb=0.000 u=1.000 c=0.6931 n_pre=934 n_post=100 n_trans=1034 cert_safe=0.000 cert_goal=0.000 cert_fail=1.000 safe_eval=0.000 goal_eval=0.000 fail_eval=1.000 avg_ret=9.30 sem_ret=0.07 iter_time=1.64s total_time=48.78s ln=inf lp=inf lq=inf ld=inf lo=inf max_vio=inf ep=0 status=epoch-limit-infeasible
[iter 0028 returns] returns=[8.0, 9.0, 10.0, 9.0, 10.0, 9.0, 9.0, 8.0, 9.0, 9.0, 10.0, 10.0, 9.0, 8.0, 9.0, 10.0, 11.0, 9.0, 10.0, 8.0, 9.0, 9.0, 9.0, 9.0, 9.0, 9.0, 9.0, 9.0, 9.0, 9.0, 9.0, 9.0, 9.0, 9.0, 10.0, 9.0, 10.0, 9.0, 10.0, 9.0, 8.0, 10.0, 10.0, 10.0, 10.0, 9.0, 9.0, 10.0, 8.0, 10.0, 10.0, 9.0, 10.0, 9.0, 8.0, 8.0, 11.0, 10.0, 9.0, 10.0, 10.0, 9.0, 9.0, 10.0, 9.0, 9.0, 10.0, 10.0, 8.0, 9.0, 9.0, 10.0, 10.0, 9.0, 10.0, 9.0, 10.0, 9.0, 10.0, 10.0, 10.0, 9.0, 9.0, 10.0, 10.0, 9.0, 10.0, 9.0, 9.0, 8.0, 9.0, 9.0, 10.0, 10.0, 9.0, 9.0, 9.0, 9.0, 10.0, 9.0]
[iter 0029] p_lb=0.000 u=1.000 c=0.6931 n_pre=945 n_post=100 n_trans=1045 cert_safe=0.000 cert_goal=0.000 cert_fail=1.000 safe_eval=0.000 goal_eval=0.000 fail_eval=1.000 avg_ret=9.46 sem_ret=0.07 iter_time=1.67s total_time=50.44s ln=inf lp=inf lq=inf ld=inf lo=inf max_vio=inf ep=0 status=epoch-limit-infeasible
[iter 0029 returns] returns=[9.0, 10.0, 9.0, 10.0, 10.0, 9.0, 9.0, 9.0, 10.0, 9.0, 10.0, 10.0, 10.0, 10.0, 9.0, 9.0, 9.0, 9.0, 9.0, 11.0, 9.0, 9.0, 8.0, 10.0, 9.0, 10.0, 10.0, 9.0, 10.0, 9.0, 10.0, 10.0, 10.0, 8.0, 10.0, 9.0, 10.0, 10.0, 10.0, 10.0, 10.0, 9.0, 9.0, 10.0, 8.0, 10.0, 9.0, 10.0, 10.0, 9.0, 10.0, 11.0, 9.0, 10.0, 9.0, 9.0, 10.0, 10.0, 9.0, 10.0, 9.0, 10.0, 10.0, 9.0, 9.0, 10.0, 10.0, 9.0, 9.0, 9.0, 9.0, 9.0, 9.0, 10.0, 10.0, 9.0, 11.0, 10.0, 9.0, 9.0, 8.0, 10.0, 10.0, 9.0, 9.0, 10.0, 9.0, 9.0, 9.0, 9.0, 9.0, 9.0, 10.0, 8.0, 10.0, 11.0, 9.0, 9.0, 9.0, 10.0]
[iter 0030] p_lb=0.000 u=1.000 c=0.6931 n_pre=923 n_post=100 n_trans=1023 cert_safe=0.000 cert_goal=0.000 cert_fail=1.000 safe_eval=0.000 goal_eval=0.000 fail_eval=1.000 avg_ret=9.42 sem_ret=0.07 iter_time=1.64s total_time=52.08s ln=inf lp=inf lq=inf ld=inf lo=inf max_vio=inf ep=0 status=epoch-limit-infeasible
[iter 0030 returns] returns=[9.0, 10.0, 11.0, 9.0, 9.0, 9.0, 9.0, 8.0, 9.0, 10.0, 10.0, 9.0, 10.0, 9.0, 10.0, 9.0, 9.0, 9.0, 9.0, 8.0, 11.0, 9.0, 9.0, 9.0, 9.0, 8.0, 10.0, 9.0, 10.0, 9.0, 10.0, 9.0, 9.0, 10.0, 9.0, 8.0, 11.0, 9.0, 9.0, 8.0, 9.0, 10.0, 10.0, 10.0, 10.0, 9.0, 9.0, 8.0, 10.0, 9.0, 9.0, 10.0, 10.0, 10.0, 9.0, 10.0, 9.0, 9.0, 10.0, 10.0, 9.0, 9.0, 10.0, 9.0, 10.0, 11.0, 10.0, 10.0, 9.0, 10.0, 10.0, 9.0, 8.0, 9.0, 9.0, 9.0, 10.0, 10.0, 10.0, 10.0, 10.0, 10.0, 10.0, 10.0, 9.0, 9.0, 8.0, 9.0, 9.0, 10.0, 10.0, 8.0, 10.0, 10.0, 9.0, 10.0, 10.0, 10.0, 10.0, 10.0]
[iter 0031] p_lb=0.000 u=1.000 c=0.6931 n_pre=937 n_post=100 n_trans=1037 cert_safe=0.000 cert_goal=0.000 cert_fail=1.000 safe_eval=0.000 goal_eval=0.000 fail_eval=1.000 avg_ret=9.35 sem_ret=0.08 iter_time=1.66s total_time=53.74s ln=inf lp=inf lq=inf ld=inf lo=inf max_vio=inf ep=0 status=epoch-limit-infeasible
[iter 0031 returns] returns=[11.0, 8.0, 9.0, 8.0, 10.0, 9.0, 10.0, 9.0, 9.0, 10.0, 10.0, 10.0, 10.0, 9.0, 9.0, 10.0, 9.0, 10.0, 10.0, 10.0, 10.0, 9.0, 10.0, 9.0, 9.0, 9.0, 10.0, 9.0, 9.0, 8.0, 8.0, 9.0, 9.0, 10.0, 9.0, 10.0, 10.0, 9.0, 8.0, 8.0, 10.0, 10.0, 9.0, 10.0, 8.0, 10.0, 10.0, 9.0, 9.0, 9.0, 10.0, 8.0, 11.0, 9.0, 10.0, 11.0, 10.0, 8.0, 10.0, 9.0, 10.0, 11.0, 8.0, 10.0, 10.0, 10.0, 10.0, 10.0, 9.0, 10.0, 9.0, 10.0, 10.0, 9.0, 10.0, 8.0, 10.0, 9.0, 9.0, 10.0, 9.0, 8.0, 8.0, 9.0, 9.0, 8.0, 9.0, 9.0, 9.0, 9.0, 10.0, 10.0, 9.0, 9.0, 9.0, 11.0, 8.0, 9.0, 10.0, 9.0]
[iter 0032] p_lb=0.000 u=1.000 c=0.6931 n_pre=937 n_post=100 n_trans=1037 cert_safe=0.000 cert_goal=0.000 cert_fail=1.000 safe_eval=0.000 goal_eval=0.000 fail_eval=1.000 avg_ret=9.29 sem_ret=0.08 iter_time=1.65s total_time=55.39s ln=inf lp=inf lq=inf ld=inf lo=inf max_vio=inf ep=0 status=epoch-limit-infeasible
[iter 0032 returns] returns=[9.0, 10.0, 9.0, 10.0, 10.0, 9.0, 8.0, 9.0, 9.0, 10.0, 8.0, 10.0, 10.0, 10.0, 8.0, 9.0, 10.0, 9.0, 9.0, 8.0, 8.0, 9.0, 10.0, 9.0, 9.0, 9.0, 8.0, 10.0, 10.0, 8.0, 10.0, 10.0, 9.0, 10.0, 9.0, 9.0, 10.0, 9.0, 9.0, 8.0, 10.0, 9.0, 10.0, 8.0, 9.0, 10.0, 9.0, 9.0, 10.0, 8.0, 10.0, 8.0, 9.0, 9.0, 10.0, 9.0, 10.0, 9.0, 10.0, 9.0, 10.0, 9.0, 10.0, 9.0, 9.0, 10.0, 10.0, 8.0, 10.0, 9.0, 11.0, 9.0, 10.0, 10.0, 10.0, 9.0, 8.0, 9.0, 10.0, 10.0, 9.0, 8.0, 9.0, 8.0, 10.0, 10.0, 9.0, 10.0, 9.0, 11.0, 8.0, 9.0, 11.0, 9.0, 9.0, 10.0, 9.0, 10.0, 10.0, 9.0]
[iter 0033] p_lb=0.000 u=1.000 c=0.6931 n_pre=943 n_post=100 n_trans=1043 cert_safe=0.000 cert_goal=0.000 cert_fail=1.000 safe_eval=0.000 goal_eval=0.000 fail_eval=1.000 avg_ret=9.37 sem_ret=0.08 iter_time=1.66s total_time=57.05s ln=inf lp=inf lq=inf ld=inf lo=inf max_vio=inf ep=0 status=epoch-limit-infeasible
[iter 0033 returns] returns=[8.0, 10.0, 10.0, 10.0, 8.0, 10.0, 10.0, 11.0, 8.0, 9.0, 11.0, 9.0, 9.0, 9.0, 9.0, 9.0, 8.0, 8.0, 10.0, 10.0, 9.0, 9.0, 10.0, 9.0, 8.0, 10.0, 10.0, 9.0, 8.0, 9.0, 10.0, 10.0, 10.0, 10.0, 9.0, 10.0, 10.0, 9.0, 9.0, 10.0, 10.0, 9.0, 10.0, 8.0, 8.0, 9.0, 10.0, 10.0, 9.0, 9.0, 10.0, 9.0, 10.0, 10.0, 9.0, 10.0, 9.0, 10.0, 10.0, 10.0, 9.0, 9.0, 8.0, 9.0, 10.0, 9.0, 9.0, 8.0, 10.0, 8.0, 11.0, 9.0, 10.0, 10.0, 9.0, 10.0, 10.0, 10.0, 10.0, 9.0, 8.0, 9.0, 10.0, 9.0, 10.0, 10.0, 10.0, 9.0, 9.0, 9.0, 10.0, 8.0, 9.0, 10.0, 9.0, 10.0, 9.0, 10.0, 10.0, 9.0]
[iter 0034] p_lb=0.000 u=1.000 c=0.6931 n_pre=940 n_post=100 n_trans=1040 cert_safe=0.000 cert_goal=0.000 cert_fail=1.000 safe_eval=0.000 goal_eval=0.000 fail_eval=1.000 avg_ret=9.35 sem_ret=0.07 iter_time=1.65s total_time=58.71s ln=inf lp=inf lq=inf ld=inf lo=inf max_vio=inf ep=0 status=epoch-limit-infeasible
[iter 0034 returns] returns=[11.0, 8.0, 10.0, 10.0, 10.0, 8.0, 10.0, 9.0, 10.0, 9.0, 9.0, 10.0, 8.0, 9.0, 9.0, 10.0, 10.0, 10.0, 9.0, 10.0, 10.0, 9.0, 9.0, 10.0, 10.0, 10.0, 9.0, 9.0, 9.0, 10.0, 9.0, 10.0, 10.0, 8.0, 9.0, 11.0, 9.0, 9.0, 10.0, 10.0, 10.0, 8.0, 10.0, 9.0, 8.0, 9.0, 10.0, 10.0, 9.0, 9.0, 9.0, 9.0, 10.0, 10.0, 10.0, 9.0, 9.0, 10.0, 9.0, 8.0, 10.0, 9.0, 9.0, 10.0, 9.0, 10.0, 9.0, 10.0, 9.0, 10.0, 8.0, 10.0, 10.0, 9.0, 10.0, 8.0, 8.0, 9.0, 10.0, 9.0, 9.0, 9.0, 8.0, 10.0, 10.0, 9.0, 10.0, 10.0, 10.0, 8.0, 9.0, 10.0, 9.0, 9.0, 10.0, 9.0, 9.0, 9.0, 8.0, 10.0]
[iter 0035] p_lb=0.000 u=1.000 c=0.6931 n_pre=929 n_post=100 n_trans=1029 cert_safe=0.000 cert_goal=0.000 cert_fail=1.000 safe_eval=0.000 goal_eval=0.000 fail_eval=1.000 avg_ret=9.44 sem_ret=0.07 iter_time=1.63s total_time=60.33s ln=inf lp=inf lq=inf ld=inf lo=inf max_vio=inf ep=0 status=epoch-limit-infeasible
[iter 0035 returns] returns=[9.0, 9.0, 10.0, 10.0, 9.0, 9.0, 10.0, 10.0, 9.0, 9.0, 10.0, 10.0, 10.0, 10.0, 10.0, 11.0, 10.0, 10.0, 11.0, 9.0, 9.0, 8.0, 9.0, 10.0, 9.0, 9.0, 10.0, 10.0, 10.0, 10.0, 10.0, 10.0, 9.0, 9.0, 9.0, 9.0, 10.0, 9.0, 10.0, 9.0, 9.0, 9.0, 10.0, 10.0, 10.0, 10.0, 9.0, 9.0, 9.0, 10.0, 11.0, 9.0, 10.0, 9.0, 11.0, 9.0, 9.0, 8.0, 10.0, 11.0, 9.0, 9.0, 10.0, 11.0, 9.0, 9.0, 8.0, 10.0, 10.0, 9.0, 8.0, 10.0, 10.0, 9.0, 9.0, 10.0, 8.0, 9.0, 10.0, 9.0, 9.0, 10.0, 9.0, 9.0, 9.0, 10.0, 9.0, 11.0, 8.0, 9.0, 9.0, 9.0, 8.0, 9.0, 9.0, 8.0, 10.0, 9.0, 10.0, 9.0]
[iter 0036] p_lb=0.000 u=1.000 c=0.6931 n_pre=935 n_post=100 n_trans=1035 cert_safe=0.000 cert_goal=0.000 cert_fail=1.000 safe_eval=0.000 goal_eval=0.000 fail_eval=1.000 avg_ret=9.41 sem_ret=0.08 iter_time=1.64s total_time=61.97s ln=inf lp=inf lq=inf ld=inf lo=inf max_vio=inf ep=0 status=epoch-limit-infeasible
[iter 0036 returns] returns=[9.0, 8.0, 9.0, 10.0, 10.0, 10.0, 10.0, 10.0, 10.0, 10.0, 10.0, 8.0, 11.0, 10.0, 10.0, 8.0, 9.0, 10.0, 9.0, 8.0, 10.0, 10.0, 8.0, 10.0, 9.0, 10.0, 10.0, 10.0, 10.0, 8.0, 10.0, 8.0, 8.0, 10.0, 8.0, 9.0, 11.0, 9.0, 10.0, 9.0, 10.0, 9.0, 8.0, 9.0, 10.0, 10.0, 10.0, 9.0, 8.0, 9.0, 10.0, 9.0, 10.0, 10.0, 10.0, 8.0, 10.0, 11.0, 10.0, 10.0, 9.0, 9.0, 9.0, 9.0, 9.0, 10.0, 10.0, 10.0, 8.0, 9.0, 9.0, 10.0, 10.0, 10.0, 9.0, 8.0, 9.0, 9.0, 10.0, 8.0, 10.0, 9.0, 10.0, 9.0, 10.0, 10.0, 9.0, 10.0, 9.0, 9.0, 9.0, 9.0, 9.0, 9.0, 10.0, 10.0, 10.0, 10.0, 10.0, 10.0]
[iter 0037] p_lb=0.000 u=1.000 c=0.6931 n_pre=936 n_post=100 n_trans=1036 cert_safe=0.000 cert_goal=0.000 cert_fail=1.000 safe_eval=0.000 goal_eval=0.000 fail_eval=1.000 avg_ret=9.32 sem_ret=0.07 iter_time=1.64s total_time=63.61s ln=inf lp=inf lq=inf ld=inf lo=inf max_vio=inf ep=0 status=epoch-limit-infeasible
[iter 0037 returns] returns=[9.0, 10.0, 10.0, 8.0, 9.0, 9.0, 9.0, 10.0, 10.0, 10.0, 9.0, 9.0, 10.0, 10.0, 9.0, 9.0, 9.0, 8.0, 9.0, 10.0, 9.0, 9.0, 10.0, 10.0, 9.0, 9.0, 9.0, 9.0, 9.0, 10.0, 10.0, 11.0, 9.0, 9.0, 9.0, 9.0, 9.0, 10.0, 10.0, 8.0, 10.0, 10.0, 10.0, 10.0, 10.0, 9.0, 10.0, 10.0, 8.0, 10.0, 10.0, 9.0, 9.0, 9.0, 9.0, 10.0, 10.0, 9.0, 9.0, 9.0, 9.0, 10.0, 10.0, 10.0, 8.0, 9.0, 8.0, 10.0, 9.0, 10.0, 10.0, 9.0, 9.0, 9.0, 9.0, 9.0, 9.0, 10.0, 10.0, 10.0, 8.0, 9.0, 10.0, 9.0, 9.0, 9.0, 10.0, 10.0, 9.0, 8.0, 10.0, 9.0, 9.0, 8.0, 10.0, 9.0, 8.0, 9.0, 10.0, 9.0]
[iter 0038] p_lb=0.000 u=1.000 c=0.6931 n_pre=931 n_post=100 n_trans=1031 cert_safe=0.000 cert_goal=0.000 cert_fail=1.000 safe_eval=0.000 goal_eval=0.000 fail_eval=1.000 avg_ret=9.38 sem_ret=0.07 iter_time=1.65s total_time=65.27s ln=inf lp=inf lq=inf ld=inf lo=inf max_vio=inf ep=0 status=epoch-limit-infeasible
[iter 0038 returns] returns=[8.0, 9.0, 10.0, 9.0, 8.0, 10.0, 10.0, 10.0, 10.0, 9.0, 8.0, 8.0, 11.0, 9.0, 9.0, 10.0, 10.0, 9.0, 10.0, 10.0, 9.0, 9.0, 9.0, 8.0, 10.0, 9.0, 10.0, 9.0, 10.0, 9.0, 10.0, 9.0, 8.0, 9.0, 11.0, 10.0, 9.0, 10.0, 9.0, 10.0, 8.0, 9.0, 9.0, 9.0, 8.0, 9.0, 10.0, 10.0, 9.0, 9.0, 9.0, 10.0, 10.0, 9.0, 9.0, 9.0, 9.0, 9.0, 9.0, 11.0, 9.0, 10.0, 11.0, 10.0, 10.0, 9.0, 10.0, 9.0, 10.0, 9.0, 9.0, 10.0, 10.0, 9.0, 10.0, 9.0, 9.0, 9.0, 9.0, 8.0, 9.0, 10.0, 10.0, 9.0, 10.0, 10.0, 8.0, 10.0, 9.0, 10.0, 9.0, 11.0, 9.0, 9.0, 9.0, 9.0, 11.0, 10.0, 10.0, 9.0]
[iter 0039] p_lb=0.000 u=1.000 c=0.6931 n_pre=941 n_post=100 n_trans=1041 cert_safe=0.000 cert_goal=0.000 cert_fail=1.000 safe_eval=0.000 goal_eval=0.000 fail_eval=1.000 avg_ret=9.27 sem_ret=0.08 iter_time=1.64s total_time=66.91s ln=inf lp=inf lq=inf ld=inf lo=inf max_vio=inf ep=0 status=epoch-limit-infeasible
[iter 0039 returns] returns=[9.0, 8.0, 11.0, 9.0, 10.0, 10.0, 10.0, 10.0, 8.0, 9.0, 9.0, 10.0, 9.0, 9.0, 10.0, 8.0, 9.0, 8.0, 9.0, 9.0, 9.0, 9.0, 10.0, 10.0, 8.0, 9.0, 10.0, 9.0, 8.0, 10.0, 10.0, 9.0, 9.0, 9.0, 11.0, 9.0, 9.0, 8.0, 9.0, 9.0, 9.0, 9.0, 10.0, 10.0, 9.0, 10.0, 9.0, 8.0, 9.0, 10.0, 8.0, 10.0, 9.0, 9.0, 10.0, 10.0, 10.0, 9.0, 10.0, 9.0, 9.0, 10.0, 10.0, 8.0, 8.0, 10.0, 9.0, 10.0, 9.0, 11.0, 8.0, 8.0, 10.0, 9.0, 10.0, 9.0, 10.0, 10.0, 9.0, 9.0, 9.0, 9.0, 9.0, 10.0, 9.0, 10.0, 9.0, 10.0, 10.0, 10.0, 8.0, 8.0, 9.0, 9.0, 10.0, 9.0, 8.0, 10.0, 9.0, 11.0]
[iter 0040] p_lb=0.000 u=1.000 c=0.6931 n_pre=945 n_post=100 n_trans=1045 cert_safe=0.000 cert_goal=0.000 cert_fail=1.000 safe_eval=0.000 goal_eval=0.000 fail_eval=1.000 avg_ret=9.37 sem_ret=0.07 iter_time=1.64s total_time=68.56s ln=inf lp=inf lq=inf ld=inf lo=inf max_vio=inf ep=0 status=epoch-limit-infeasible
[iter 0040 returns] returns=[9.0, 10.0, 9.0, 8.0, 10.0, 10.0, 10.0, 10.0, 10.0, 10.0, 8.0, 10.0, 9.0, 9.0, 9.0, 10.0, 10.0, 10.0, 9.0, 10.0, 9.0, 10.0, 9.0, 8.0, 10.0, 9.0, 10.0, 10.0, 10.0, 10.0, 8.0, 10.0, 9.0, 8.0, 10.0, 10.0, 9.0, 10.0, 9.0, 10.0, 9.0, 10.0, 8.0, 10.0, 9.0, 9.0, 9.0, 8.0, 9.0, 8.0, 10.0, 8.0, 10.0, 9.0, 10.0, 9.0, 10.0, 9.0, 9.0, 9.0, 9.0, 9.0, 9.0, 10.0, 9.0, 9.0, 9.0, 10.0, 10.0, 10.0, 9.0, 8.0, 10.0, 8.0, 10.0, 10.0, 10.0, 9.0, 10.0, 10.0, 10.0, 10.0, 9.0, 10.0, 9.0, 9.0, 9.0, 9.0, 10.0, 9.0, 10.0, 10.0, 9.0, 9.0, 10.0, 9.0, 8.0, 10.0, 11.0, 9.0]
[iter 0041] p_lb=0.000 u=1.000 c=0.6931 n_pre=950 n_post=100 n_trans=1050 cert_safe=0.000 cert_goal=0.000 cert_fail=1.000 safe_eval=0.000 goal_eval=0.000 fail_eval=1.000 avg_ret=9.33 sem_ret=0.07 iter_time=1.63s total_time=70.19s ln=inf lp=inf lq=inf ld=inf lo=inf max_vio=inf ep=0 status=epoch-limit-infeasible
[iter 0041 returns] returns=[9.0, 9.0, 10.0, 8.0, 9.0, 9.0, 10.0, 9.0, 10.0, 9.0, 8.0, 8.0, 10.0, 9.0, 9.0, 10.0, 9.0, 9.0, 10.0, 9.0, 8.0, 9.0, 9.0, 10.0, 10.0, 9.0, 10.0, 9.0, 10.0, 9.0, 9.0, 10.0, 9.0, 10.0, 9.0, 11.0, 10.0, 9.0, 8.0, 10.0, 8.0, 9.0, 10.0, 10.0, 10.0, 9.0, 10.0, 9.0, 10.0, 9.0, 10.0, 10.0, 8.0, 10.0, 9.0, 9.0, 10.0, 10.0, 9.0, 10.0, 9.0, 8.0, 9.0, 10.0, 9.0, 10.0, 8.0, 10.0, 10.0, 10.0, 10.0, 9.0, 9.0, 9.0, 10.0, 9.0, 8.0, 9.0, 10.0, 9.0, 8.0, 8.0, 9.0, 10.0, 9.0, 10.0, 10.0, 10.0, 10.0, 8.0, 9.0, 10.0, 10.0, 9.0, 11.0, 9.0, 10.0, 9.0, 9.0, 10.0]
[iter 0042] p_lb=0.000 u=1.000 c=0.6931 n_pre=931 n_post=100 n_trans=1031 cert_safe=0.000 cert_goal=0.000 cert_fail=1.000 safe_eval=0.000 goal_eval=0.000 fail_eval=1.000 avg_ret=9.46 sem_ret=0.07 iter_time=1.69s total_time=71.88s ln=inf lp=inf lq=inf ld=inf lo=inf max_vio=inf ep=0 status=epoch-limit-infeasible
[iter 0042 returns] returns=[10.0, 9.0, 9.0, 10.0, 9.0, 9.0, 9.0, 10.0, 9.0, 9.0, 9.0, 10.0, 10.0, 10.0, 9.0, 9.0, 10.0, 9.0, 8.0, 9.0, 10.0, 9.0, 8.0, 10.0, 10.0, 10.0, 10.0, 9.0, 10.0, 11.0, 9.0, 10.0, 9.0, 10.0, 9.0, 10.0, 9.0, 10.0, 10.0, 10.0, 10.0, 10.0, 8.0, 10.0, 8.0, 10.0, 10.0, 8.0, 10.0, 9.0, 9.0, 9.0, 10.0, 9.0, 9.0, 10.0, 10.0, 9.0, 10.0, 10.0, 9.0, 10.0, 9.0, 9.0, 10.0, 9.0, 8.0, 10.0, 11.0, 10.0, 11.0, 8.0, 9.0, 10.0, 10.0, 10.0, 9.0, 10.0, 10.0, 11.0, 9.0, 9.0, 9.0, 8.0, 11.0, 9.0, 9.0, 9.0, 10.0, 10.0, 9.0, 9.0, 9.0, 8.0, 10.0, 10.0, 9.0, 10.0, 10.0, 9.0]
[iter 0043] p_lb=0.000 u=1.000 c=0.6931 n_pre=937 n_post=100 n_trans=1037 cert_safe=0.000 cert_goal=0.000 cert_fail=1.000 safe_eval=0.000 goal_eval=0.000 fail_eval=1.000 avg_ret=9.47 sem_ret=0.07 iter_time=1.68s total_time=73.56s ln=inf lp=inf lq=inf ld=inf lo=inf max_vio=inf ep=0 status=epoch-limit-infeasible
[iter 0043 returns] returns=[9.0, 9.0, 9.0, 9.0, 10.0, 10.0, 10.0, 9.0, 9.0, 10.0, 8.0, 9.0, 10.0, 8.0, 9.0, 8.0, 9.0, 10.0, 9.0, 9.0, 9.0, 10.0, 9.0, 10.0, 10.0, 9.0, 10.0, 9.0, 10.0, 9.0, 9.0, 10.0, 9.0, 10.0, 9.0, 10.0, 10.0, 10.0, 9.0, 10.0, 9.0, 9.0, 10.0, 10.0, 9.0, 9.0, 10.0, 9.0, 8.0, 10.0, 11.0, 11.0, 9.0, 10.0, 10.0, 8.0, 10.0, 9.0, 8.0, 9.0, 10.0, 11.0, 10.0, 9.0, 10.0, 10.0, 9.0, 10.0, 9.0, 9.0, 9.0, 9.0, 10.0, 10.0, 10.0, 10.0, 9.0, 9.0, 11.0, 10.0, 10.0, 10.0, 10.0, 10.0, 11.0, 10.0, 8.0, 9.0, 9.0, 9.0, 10.0, 9.0, 10.0, 10.0, 10.0, 9.0, 10.0, 9.0, 9.0, 9.0]
[iter 0044] p_lb=0.000 u=1.000 c=0.6931 n_pre=935 n_post=100 n_trans=1035 cert_safe=0.000 cert_goal=0.000 cert_fail=1.000 safe_eval=0.000 goal_eval=0.000 fail_eval=1.000 avg_ret=9.32 sem_ret=0.07 iter_time=1.61s total_time=75.17s ln=inf lp=inf lq=inf ld=inf lo=inf max_vio=inf ep=0 status=epoch-limit-infeasible
[iter 0044 returns] returns=[10.0, 10.0, 10.0, 10.0, 9.0, 10.0, 10.0, 10.0, 9.0, 10.0, 9.0, 9.0, 9.0, 9.0, 10.0, 9.0, 10.0, 10.0, 10.0, 8.0, 9.0, 10.0, 10.0, 8.0, 10.0, 10.0, 9.0, 8.0, 9.0, 8.0, 11.0, 10.0, 9.0, 9.0, 10.0, 9.0, 9.0, 10.0, 11.0, 11.0, 10.0, 9.0, 10.0, 9.0, 9.0, 10.0, 10.0, 9.0, 8.0, 9.0, 9.0, 9.0, 9.0, 10.0, 10.0, 9.0, 10.0, 9.0, 9.0, 10.0, 9.0, 9.0, 9.0, 10.0, 9.0, 9.0, 9.0, 9.0, 9.0, 9.0, 9.0, 9.0, 8.0, 9.0, 9.0, 10.0, 10.0, 10.0, 9.0, 10.0, 10.0, 9.0, 8.0, 9.0, 9.0, 8.0, 8.0, 10.0, 9.0, 10.0, 9.0, 10.0, 9.0, 8.0, 10.0, 8.0, 8.0, 9.0, 9.0, 10.0]
[iter 0045] p_lb=0.000 u=1.000 c=0.6931 n_pre=933 n_post=100 n_trans=1033 cert_safe=0.000 cert_goal=0.000 cert_fail=1.000 safe_eval=0.000 goal_eval=0.000 fail_eval=1.000 avg_ret=9.41 sem_ret=0.07 iter_time=1.68s total_time=76.85s ln=inf lp=inf lq=inf ld=inf lo=inf max_vio=inf ep=0 status=epoch-limit-infeasible
[iter 0045 returns] returns=[8.0, 10.0, 10.0, 10.0, 10.0, 9.0, 10.0, 10.0, 10.0, 10.0, 11.0, 10.0, 10.0, 10.0, 9.0, 10.0, 10.0, 9.0, 8.0, 10.0, 10.0, 9.0, 10.0, 9.0, 9.0, 10.0, 9.0, 9.0, 10.0, 9.0, 9.0, 10.0, 11.0, 10.0, 10.0, 9.0, 10.0, 9.0, 9.0, 9.0, 9.0, 9.0, 10.0, 9.0, 10.0, 9.0, 9.0, 8.0, 8.0, 8.0, 9.0, 10.0, 9.0, 9.0, 10.0, 9.0, 9.0, 9.0, 10.0, 9.0, 8.0, 11.0, 9.0, 10.0, 9.0, 9.0, 8.0, 10.0, 9.0, 9.0, 10.0, 9.0, 9.0, 10.0, 10.0, 9.0, 10.0, 10.0, 9.0, 9.0, 8.0, 10.0, 10.0, 9.0, 10.0, 9.0, 8.0, 10.0, 9.0, 10.0, 11.0, 9.0, 8.0, 10.0, 9.0, 9.0, 9.0, 10.0, 10.0, 10.0]
[iter 0046] p_lb=0.000 u=1.000 c=0.6931 n_pre=937 n_post=100 n_trans=1037 cert_safe=0.000 cert_goal=0.000 cert_fail=1.000 safe_eval=0.000 goal_eval=0.000 fail_eval=1.000 avg_ret=9.37 sem_ret=0.07 iter_time=1.68s total_time=78.53s ln=inf lp=inf lq=inf ld=inf lo=inf max_vio=inf ep=0 status=epoch-limit-infeasible
[iter 0046 returns] returns=[10.0, 9.0, 8.0, 10.0, 10.0, 10.0, 10.0, 8.0, 10.0, 10.0, 10.0, 9.0, 9.0, 10.0, 9.0, 10.0, 9.0, 11.0, 8.0, 10.0, 9.0, 10.0, 10.0, 10.0, 10.0, 8.0, 9.0, 10.0, 8.0, 10.0, 8.0, 10.0, 9.0, 8.0, 9.0, 9.0, 9.0, 9.0, 8.0, 11.0, 9.0, 10.0, 9.0, 10.0, 10.0, 8.0, 10.0, 10.0, 8.0, 9.0, 9.0, 9.0, 10.0, 10.0, 10.0, 9.0, 10.0, 11.0, 9.0, 10.0, 9.0, 9.0, 8.0, 9.0, 9.0, 9.0, 9.0, 9.0, 9.0, 9.0, 10.0, 10.0, 10.0, 9.0, 9.0, 10.0, 10.0, 10.0, 9.0, 10.0, 9.0, 10.0, 10.0, 9.0, 9.0, 9.0, 9.0, 8.0, 10.0, 9.0, 9.0, 9.0, 9.0, 10.0, 10.0, 10.0, 10.0, 9.0, 10.0, 9.0]
[iter 0047] p_lb=0.000 u=1.000 c=0.6931 n_pre=933 n_post=100 n_trans=1033 cert_safe=0.000 cert_goal=0.000 cert_fail=1.000 safe_eval=0.000 goal_eval=0.000 fail_eval=1.000 avg_ret=9.36 sem_ret=0.07 iter_time=1.68s total_time=80.21s ln=inf lp=inf lq=inf ld=inf lo=inf max_vio=inf ep=0 status=epoch-limit-infeasible
[iter 0047 returns] returns=[9.0, 8.0, 9.0, 10.0, 10.0, 9.0, 9.0, 9.0, 10.0, 10.0, 10.0, 10.0, 10.0, 10.0, 8.0, 11.0, 9.0, 10.0, 9.0, 9.0, 9.0, 9.0, 8.0, 8.0, 9.0, 9.0, 8.0, 9.0, 9.0, 8.0, 9.0, 10.0, 10.0, 9.0, 10.0, 10.0, 9.0, 10.0, 9.0, 9.0, 10.0, 10.0, 9.0, 9.0, 9.0, 9.0, 9.0, 9.0, 10.0, 10.0, 10.0, 10.0, 9.0, 10.0, 9.0, 9.0, 11.0, 9.0, 9.0, 10.0, 10.0, 8.0, 8.0, 10.0, 9.0, 10.0, 9.0, 10.0, 9.0, 10.0, 11.0, 10.0, 9.0, 10.0, 9.0, 9.0, 8.0, 10.0, 8.0, 8.0, 10.0, 10.0, 10.0, 10.0, 9.0, 10.0, 9.0, 9.0, 10.0, 10.0, 9.0, 10.0, 9.0, 9.0, 10.0, 9.0, 10.0, 10.0, 9.0, 9.0]
[iter 0048] p_lb=0.000 u=1.000 c=0.6931 n_pre=923 n_post=100 n_trans=1023 cert_safe=0.000 cert_goal=0.000 cert_fail=1.000 safe_eval=0.000 goal_eval=0.000 fail_eval=1.000 avg_ret=9.33 sem_ret=0.07 iter_time=1.68s total_time=81.90s ln=inf lp=inf lq=inf ld=inf lo=inf max_vio=inf ep=0 status=epoch-limit-infeasible
[iter 0048 returns] returns=[8.0, 9.0, 9.0, 9.0, 9.0, 8.0, 9.0, 9.0, 10.0, 10.0, 10.0, 10.0, 8.0, 10.0, 10.0, 10.0, 8.0, 9.0, 10.0, 10.0, 10.0, 9.0, 8.0, 10.0, 10.0, 10.0, 9.0, 10.0, 10.0, 8.0, 9.0, 10.0, 9.0, 8.0, 10.0, 9.0, 10.0, 8.0, 8.0, 8.0, 10.0, 10.0, 9.0, 10.0, 10.0, 9.0, 9.0, 10.0, 10.0, 9.0, 10.0, 9.0, 10.0, 9.0, 10.0, 9.0, 9.0, 9.0, 10.0, 9.0, 10.0, 9.0, 9.0, 8.0, 10.0, 10.0, 9.0, 10.0, 10.0, 10.0, 10.0, 9.0, 8.0, 10.0, 10.0, 10.0, 10.0, 10.0, 8.0, 9.0, 9.0, 9.0, 9.0, 9.0, 8.0, 10.0, 10.0, 10.0, 9.0, 9.0, 9.0, 10.0, 9.0, 9.0, 10.0, 10.0, 9.0, 10.0, 9.0, 9.0]
[iter 0049] p_lb=0.000 u=1.000 c=0.6931 n_pre=942 n_post=100 n_trans=1042 cert_safe=0.000 cert_goal=0.000 cert_fail=1.000 safe_eval=0.000 goal_eval=0.000 fail_eval=1.000 avg_ret=9.36 sem_ret=0.08 iter_time=1.67s total_time=83.57s ln=inf lp=inf lq=inf ld=inf lo=inf max_vio=inf ep=0 status=epoch-limit-infeasible
[iter 0049 returns] returns=[8.0, 9.0, 10.0, 10.0, 8.0, 10.0, 9.0, 10.0, 10.0, 9.0, 8.0, 10.0, 8.0, 9.0, 9.0, 10.0, 8.0, 8.0, 10.0, 10.0, 10.0, 9.0, 10.0, 9.0, 8.0, 10.0, 10.0, 9.0, 8.0, 10.0, 11.0, 9.0, 10.0, 9.0, 10.0, 9.0, 10.0, 10.0, 11.0, 10.0, 10.0, 8.0, 9.0, 9.0, 9.0, 10.0, 9.0, 9.0, 9.0, 10.0, 9.0, 9.0, 9.0, 10.0, 8.0, 8.0, 9.0, 9.0, 10.0, 10.0, 10.0, 11.0, 9.0, 10.0, 9.0, 9.0, 10.0, 9.0, 9.0, 10.0, 9.0, 10.0, 9.0, 8.0, 10.0, 9.0, 10.0, 10.0, 10.0, 10.0, 9.0, 10.0, 10.0, 8.0, 9.0, 10.0, 9.0, 10.0, 9.0, 9.0, 11.0, 8.0, 8.0, 10.0, 8.0, 10.0, 9.0, 10.0, 10.0, 10.0]
[iter 0050] p_lb=0.000 u=1.000 c=0.6931 n_pre=933 n_post=100 n_trans=1033 cert_safe=0.000 cert_goal=0.000 cert_fail=1.000 safe_eval=0.000 goal_eval=0.000 fail_eval=1.000 avg_ret=9.29 sem_ret=0.07 iter_time=1.62s total_time=85.19s ln=inf lp=inf lq=inf ld=inf lo=inf max_vio=inf ep=0 status=epoch-limit-infeasible
[iter 0050 returns] returns=[9.0, 9.0, 8.0, 9.0, 9.0, 10.0, 9.0, 9.0, 9.0, 10.0, 8.0, 8.0, 9.0, 9.0, 8.0, 9.0, 10.0, 9.0, 10.0, 9.0, 8.0, 9.0, 9.0, 9.0, 10.0, 8.0, 10.0, 9.0, 10.0, 10.0, 10.0, 9.0, 9.0, 8.0, 9.0, 10.0, 9.0, 10.0, 9.0, 8.0, 10.0, 9.0, 10.0, 10.0, 9.0, 8.0, 10.0, 10.0, 10.0, 9.0, 10.0, 9.0, 10.0, 9.0, 10.0, 9.0, 10.0, 9.0, 10.0, 9.0, 9.0, 8.0, 10.0, 10.0, 9.0, 9.0, 10.0, 10.0, 10.0, 9.0, 10.0, 10.0, 10.0, 9.0, 9.0, 9.0, 8.0, 10.0, 9.0, 9.0, 10.0, 8.0, 10.0, 9.0, 10.0, 10.0, 9.0, 9.0, 9.0, 10.0, 9.0, 10.0, 9.0, 9.0, 10.0, 10.0, 8.0, 10.0, 10.0, 10.0]
[iter 0051] p_lb=0.000 u=1.000 c=0.6931 n_pre=936 n_post=100 n_trans=1036 cert_safe=0.000 cert_goal=0.000 cert_fail=1.000 safe_eval=0.000 goal_eval=0.000 fail_eval=1.000 avg_ret=9.34 sem_ret=0.09 iter_time=1.69s total_time=86.88s ln=inf lp=inf lq=inf ld=inf lo=inf max_vio=inf ep=0 status=epoch-limit-infeasible
[iter 0051 returns] returns=[10.0, 10.0, 10.0, 10.0, 10.0, 9.0, 9.0, 8.0, 9.0, 10.0, 10.0, 10.0, 9.0, 10.0, 11.0, 11.0, 10.0, 8.0, 10.0, 9.0, 8.0, 8.0, 8.0, 9.0, 10.0, 10.0, 11.0, 9.0, 8.0, 10.0, 10.0, 9.0, 9.0, 10.0, 9.0, 9.0, 9.0, 9.0, 8.0, 9.0, 9.0, 11.0, 9.0, 10.0, 9.0, 9.0, 10.0, 9.0, 10.0, 8.0, 10.0, 9.0, 9.0, 8.0, 9.0, 8.0, 9.0, 8.0, 8.0, 10.0, 10.0, 10.0, 10.0, 9.0, 10.0, 10.0, 10.0, 8.0, 9.0, 10.0, 9.0, 10.0, 9.0, 9.0, 8.0, 10.0, 8.0, 10.0, 10.0, 9.0, 8.0, 10.0, 11.0, 9.0, 10.0, 10.0, 8.0, 10.0, 10.0, 10.0, 10.0, 8.0, 8.0, 8.0, 10.0, 9.0, 10.0, 10.0, 10.0, 10.0]
[iter 0052] p_lb=0.000 u=1.000 c=0.6931 n_pre=930 n_post=100 n_trans=1030 cert_safe=0.000 cert_goal=0.000 cert_fail=1.000 safe_eval=0.000 goal_eval=0.000 fail_eval=1.000 avg_ret=9.35 sem_ret=0.08 iter_time=1.69s total_time=88.57s ln=inf lp=inf lq=inf ld=inf lo=inf max_vio=inf ep=0 status=epoch-limit-infeasible
[iter 0052 returns] returns=[9.0, 8.0, 11.0, 10.0, 9.0, 8.0, 8.0, 9.0, 9.0, 9.0, 9.0, 9.0, 9.0, 10.0, 10.0, 8.0, 9.0, 9.0, 8.0, 11.0, 9.0, 9.0, 10.0, 10.0, 10.0, 10.0, 9.0, 10.0, 9.0, 10.0, 10.0, 9.0, 10.0, 10.0, 10.0, 9.0, 9.0, 10.0, 10.0, 10.0, 11.0, 9.0, 11.0, 10.0, 10.0, 8.0, 8.0, 10.0, 10.0, 9.0, 11.0, 8.0, 9.0, 10.0, 8.0, 9.0, 9.0, 9.0, 10.0, 9.0, 10.0, 10.0, 9.0, 9.0, 10.0, 10.0, 10.0, 8.0, 9.0, 9.0, 10.0, 8.0, 9.0, 9.0, 10.0, 9.0, 10.0, 10.0, 9.0, 9.0, 8.0, 10.0, 9.0, 10.0, 8.0, 8.0, 9.0, 9.0, 10.0, 9.0, 10.0, 9.0, 9.0, 10.0, 9.0, 10.0, 10.0, 9.0, 10.0, 9.0]
[iter 0053] p_lb=0.000 u=1.000 c=0.6931 n_pre=932 n_post=100 n_trans=1032 cert_safe=0.000 cert_goal=0.000 cert_fail=1.000 safe_eval=0.000 goal_eval=0.000 fail_eval=1.000 avg_ret=9.35 sem_ret=0.08 iter_time=1.64s total_time=90.22s ln=inf lp=inf lq=inf ld=inf lo=inf max_vio=inf ep=0 status=epoch-limit-infeasible
[iter 0053 returns] returns=[9.0, 9.0, 10.0, 10.0, 10.0, 9.0, 8.0, 9.0, 10.0, 10.0, 9.0, 9.0, 10.0, 9.0, 10.0, 9.0, 9.0, 11.0, 10.0, 10.0, 10.0, 9.0, 10.0, 9.0, 10.0, 9.0, 10.0, 10.0, 9.0, 10.0, 10.0, 10.0, 10.0, 8.0, 10.0, 8.0, 10.0, 8.0, 8.0, 9.0, 9.0, 9.0, 10.0, 9.0, 10.0, 10.0, 9.0, 10.0, 9.0, 10.0, 9.0, 10.0, 8.0, 9.0, 10.0, 11.0, 10.0, 9.0, 9.0, 9.0, 10.0, 10.0, 9.0, 9.0, 10.0, 10.0, 9.0, 9.0, 9.0, 9.0, 8.0, 10.0, 10.0, 10.0, 8.0, 11.0, 9.0, 9.0, 8.0, 10.0, 10.0, 8.0, 9.0, 10.0, 9.0, 8.0, 9.0, 10.0, 9.0, 9.0, 8.0, 10.0, 10.0, 9.0, 9.0, 9.0, 8.0, 10.0, 8.0, 10.0]
[iter 0054] p_lb=0.000 u=1.000 c=0.6931 n_pre=943 n_post=100 n_trans=1043 cert_safe=0.000 cert_goal=0.000 cert_fail=1.000 safe_eval=0.000 goal_eval=0.000 fail_eval=1.000 avg_ret=9.35 sem_ret=0.08 iter_time=1.62s total_time=91.84s ln=inf lp=inf lq=inf ld=inf lo=inf max_vio=inf ep=0 status=epoch-limit-infeasible
[iter 0054 returns] returns=[9.0, 10.0, 8.0, 9.0, 10.0, 10.0, 10.0, 10.0, 10.0, 10.0, 10.0, 8.0, 8.0, 10.0, 10.0, 9.0, 10.0, 9.0, 9.0, 8.0, 10.0, 9.0, 10.0, 8.0, 10.0, 10.0, 10.0, 9.0, 10.0, 10.0, 9.0, 11.0, 10.0, 9.0, 9.0, 9.0, 9.0, 8.0, 9.0, 8.0, 9.0, 8.0, 9.0, 8.0, 10.0, 10.0, 10.0, 10.0, 10.0, 9.0, 9.0, 9.0, 11.0, 10.0, 9.0, 9.0, 10.0, 10.0, 10.0, 10.0, 10.0, 8.0, 9.0, 9.0, 10.0, 10.0, 9.0, 8.0, 9.0, 9.0, 9.0, 10.0, 9.0, 9.0, 9.0, 8.0, 10.0, 10.0, 10.0, 10.0, 10.0, 9.0, 8.0, 10.0, 8.0, 10.0, 10.0, 9.0, 9.0, 9.0, 9.0, 10.0, 8.0, 11.0, 8.0, 10.0, 9.0, 10.0, 10.0, 9.0]
[iter 0055] p_lb=0.000 u=1.000 c=0.6931 n_pre=936 n_post=100 n_trans=1036 cert_safe=0.000 cert_goal=0.000 cert_fail=1.000 safe_eval=0.000 goal_eval=0.000 fail_eval=1.000 avg_ret=9.41 sem_ret=0.07 iter_time=1.61s total_time=93.45s ln=inf lp=inf lq=inf ld=inf lo=inf max_vio=inf ep=0 status=epoch-limit-infeasible
[iter 0055 returns] returns=[10.0, 10.0, 9.0, 9.0, 9.0, 9.0, 10.0, 10.0, 10.0, 8.0, 9.0, 9.0, 10.0, 10.0, 8.0, 10.0, 10.0, 10.0, 10.0, 9.0, 10.0, 9.0, 9.0, 9.0, 8.0, 9.0, 10.0, 9.0, 9.0, 9.0, 9.0, 9.0, 10.0, 8.0, 9.0, 10.0, 10.0, 9.0, 9.0, 10.0, 10.0, 9.0, 9.0, 9.0, 9.0, 10.0, 8.0, 9.0, 10.0, 10.0, 9.0, 9.0, 9.0, 8.0, 10.0, 10.0, 11.0, 10.0, 9.0, 9.0, 10.0, 10.0, 9.0, 8.0, 10.0, 9.0, 10.0, 10.0, 8.0, 9.0, 9.0, 9.0, 10.0, 9.0, 9.0, 9.0, 8.0, 9.0, 10.0, 10.0, 10.0, 10.0, 10.0, 11.0, 11.0, 10.0, 10.0, 9.0, 10.0, 9.0, 9.0, 9.0, 10.0, 10.0, 10.0, 10.0, 10.0, 9.0, 9.0, 10.0]
[iter 0056] p_lb=0.000 u=1.000 c=0.6931 n_pre=942 n_post=100 n_trans=1042 cert_safe=0.000 cert_goal=0.000 cert_fail=1.000 safe_eval=0.000 goal_eval=0.000 fail_eval=1.000 avg_ret=9.18 sem_ret=0.08 iter_time=1.62s total_time=95.07s ln=inf lp=inf lq=inf ld=inf lo=inf max_vio=inf ep=0 status=epoch-limit-infeasible
[iter 0056 returns] returns=[9.0, 8.0, 9.0, 10.0, 9.0, 8.0, 9.0, 9.0, 8.0, 9.0, 10.0, 9.0, 8.0, 10.0, 10.0, 10.0, 8.0, 8.0, 10.0, 10.0, 8.0, 8.0, 9.0, 9.0, 9.0, 9.0, 10.0, 8.0, 9.0, 10.0, 9.0, 9.0, 11.0, 8.0, 9.0, 9.0, 9.0, 10.0, 10.0, 9.0, 8.0, 9.0, 9.0, 9.0, 10.0, 10.0, 10.0, 10.0, 8.0, 9.0, 9.0, 10.0, 9.0, 8.0, 9.0, 9.0, 9.0, 9.0, 9.0, 10.0, 10.0, 9.0, 8.0, 10.0, 10.0, 9.0, 11.0, 10.0, 8.0, 9.0, 9.0, 9.0, 10.0, 10.0, 10.0, 9.0, 9.0, 8.0, 8.0, 8.0, 8.0, 8.0, 10.0, 10.0, 10.0, 9.0, 10.0, 9.0, 10.0, 9.0, 9.0, 9.0, 10.0, 10.0, 10.0, 9.0, 9.0, 10.0, 9.0, 10.0]
[iter 0057] p_lb=0.000 u=1.000 c=0.6931 n_pre=938 n_post=100 n_trans=1038 cert_safe=0.000 cert_goal=0.000 cert_fail=1.000 safe_eval=0.000 goal_eval=0.000 fail_eval=1.000 avg_ret=9.35 sem_ret=0.07 iter_time=1.62s total_time=96.69s ln=inf lp=inf lq=inf ld=inf lo=inf max_vio=inf ep=0 status=epoch-limit-infeasible
[iter 0057 returns] returns=[8.0, 8.0, 10.0, 9.0, 9.0, 10.0, 9.0, 10.0, 10.0, 10.0, 9.0, 8.0, 9.0, 10.0, 9.0, 9.0, 9.0, 9.0, 9.0, 9.0, 9.0, 10.0, 10.0, 9.0, 9.0, 10.0, 10.0, 9.0, 9.0, 9.0, 10.0, 9.0, 10.0, 10.0, 10.0, 10.0, 9.0, 9.0, 10.0, 9.0, 10.0, 8.0, 9.0, 9.0, 9.0, 9.0, 10.0, 10.0, 10.0, 10.0, 10.0, 9.0, 10.0, 10.0, 8.0, 10.0, 8.0, 9.0, 9.0, 10.0, 9.0, 8.0, 8.0, 9.0, 10.0, 10.0, 10.0, 10.0, 9.0, 10.0, 9.0, 10.0, 9.0, 10.0, 10.0, 9.0, 10.0, 10.0, 8.0, 10.0, 10.0, 10.0, 9.0, 10.0, 10.0, 10.0, 8.0, 9.0, 10.0, 10.0, 8.0, 10.0, 9.0, 10.0, 8.0, 10.0, 10.0, 9.0, 9.0, 8.0]
[iter 0058] p_lb=0.000 u=1.000 c=0.6931 n_pre=938 n_post=100 n_trans=1038 cert_safe=0.000 cert_goal=0.000 cert_fail=1.000 safe_eval=0.000 goal_eval=0.000 fail_eval=1.000 avg_ret=9.37 sem_ret=0.08 iter_time=1.68s total_time=98.37s ln=inf lp=inf lq=inf ld=inf lo=inf max_vio=inf ep=0 status=epoch-limit-infeasible
[iter 0058 returns] returns=[10.0, 10.0, 10.0, 8.0, 8.0, 10.0, 10.0, 10.0, 10.0, 9.0, 10.0, 10.0, 10.0, 9.0, 9.0, 9.0, 10.0, 8.0, 10.0, 10.0, 10.0, 8.0, 9.0, 11.0, 9.0, 9.0, 10.0, 10.0, 9.0, 8.0, 9.0, 10.0, 9.0, 9.0, 9.0, 8.0, 9.0, 9.0, 8.0, 10.0, 10.0, 10.0, 9.0, 9.0, 9.0, 10.0, 10.0, 10.0, 9.0, 10.0, 9.0, 9.0, 8.0, 9.0, 10.0, 9.0, 10.0, 10.0, 10.0, 10.0, 10.0, 10.0, 11.0, 9.0, 10.0, 9.0, 10.0, 9.0, 8.0, 8.0, 9.0, 9.0, 11.0, 10.0, 9.0, 8.0, 8.0, 9.0, 9.0, 9.0, 10.0, 9.0, 10.0, 10.0, 10.0, 10.0, 9.0, 10.0, 9.0, 9.0, 10.0, 9.0, 8.0, 10.0, 10.0, 8.0, 10.0, 10.0, 9.0, 9.0]
[iter 0059] p_lb=0.000 u=1.000 c=0.6931 n_pre=941 n_post=100 n_trans=1041 cert_safe=0.000 cert_goal=0.000 cert_fail=1.000 safe_eval=0.000 goal_eval=0.000 fail_eval=1.000 avg_ret=9.38 sem_ret=0.07 iter_time=1.64s total_time=100.01s ln=inf lp=inf lq=inf ld=inf lo=inf max_vio=inf ep=0 status=epoch-limit-infeasible
[iter 0059 returns] returns=[8.0, 10.0, 10.0, 10.0, 9.0, 10.0, 10.0, 9.0, 10.0, 10.0, 9.0, 10.0, 10.0, 8.0, 9.0, 10.0, 9.0, 9.0, 9.0, 10.0, 9.0, 9.0, 8.0, 10.0, 10.0, 10.0, 9.0, 10.0, 10.0, 10.0, 10.0, 10.0, 9.0, 10.0, 10.0, 10.0, 9.0, 9.0, 10.0, 11.0, 9.0, 9.0, 9.0, 11.0, 9.0, 10.0, 9.0, 10.0, 9.0, 9.0, 10.0, 10.0, 9.0, 8.0, 11.0, 10.0, 8.0, 8.0, 9.0, 9.0, 8.0, 9.0, 10.0, 9.0, 10.0, 10.0, 8.0, 9.0, 9.0, 9.0, 9.0, 9.0, 9.0, 9.0, 10.0, 9.0, 9.0, 10.0, 10.0, 10.0, 8.0, 9.0, 10.0, 10.0, 9.0, 10.0, 8.0, 10.0, 9.0, 9.0, 9.0, 9.0, 9.0, 9.0, 10.0, 10.0, 10.0, 10.0, 8.0, 9.0]
[iter 0060] p_lb=0.000 u=1.000 c=0.6931 n_pre=951 n_post=100 n_trans=1051 cert_safe=0.000 cert_goal=0.000 cert_fail=1.000 safe_eval=0.000 goal_eval=0.000 fail_eval=1.000 avg_ret=9.41 sem_ret=0.08 iter_time=1.64s total_time=101.65s ln=inf lp=inf lq=inf ld=inf lo=inf max_vio=inf ep=0 status=epoch-limit-infeasible
[iter 0060 returns] returns=[11.0, 8.0, 10.0, 10.0, 10.0, 8.0, 9.0, 10.0, 10.0, 10.0, 10.0, 9.0, 9.0, 9.0, 8.0, 10.0, 10.0, 9.0, 10.0, 9.0, 10.0, 8.0, 9.0, 10.0, 8.0, 10.0, 9.0, 9.0, 10.0, 10.0, 9.0, 9.0, 11.0, 9.0, 11.0, 9.0, 10.0, 9.0, 10.0, 8.0, 10.0, 10.0, 10.0, 10.0, 11.0, 10.0, 11.0, 9.0, 9.0, 9.0, 9.0, 10.0, 9.0, 9.0, 8.0, 9.0, 8.0, 9.0, 10.0, 10.0, 11.0, 9.0, 9.0, 9.0, 9.0, 9.0, 10.0, 9.0, 10.0, 10.0, 10.0, 9.0, 10.0, 9.0, 10.0, 9.0, 10.0, 8.0, 8.0, 10.0, 10.0, 9.0, 9.0, 8.0, 9.0, 10.0, 10.0, 10.0, 9.0, 9.0, 9.0, 9.0, 9.0, 9.0, 10.0, 10.0, 10.0, 10.0, 9.0, 8.0]
[iter 0061] p_lb=0.000 u=1.000 c=0.6931 n_pre=935 n_post=100 n_trans=1035 cert_safe=0.000 cert_goal=0.000 cert_fail=1.000 safe_eval=0.000 goal_eval=0.000 fail_eval=1.000 avg_ret=9.40 sem_ret=0.07 iter_time=1.64s total_time=103.29s ln=inf lp=inf lq=inf ld=inf lo=inf max_vio=inf ep=0 status=epoch-limit-infeasible
[iter 0061 returns] returns=[9.0, 9.0, 10.0, 10.0, 9.0, 10.0, 8.0, 10.0, 10.0, 10.0, 10.0, 9.0, 10.0, 8.0, 9.0, 10.0, 9.0, 10.0, 9.0, 10.0, 11.0, 10.0, 10.0, 10.0, 9.0, 11.0, 9.0, 8.0, 8.0, 9.0, 10.0, 9.0, 9.0, 9.0, 9.0, 9.0, 8.0, 10.0, 9.0, 10.0, 10.0, 8.0, 9.0, 10.0, 10.0, 9.0, 10.0, 9.0, 10.0, 9.0, 8.0, 10.0, 9.0, 9.0, 9.0, 9.0, 9.0, 8.0, 10.0, 10.0, 9.0, 10.0, 9.0, 9.0, 9.0, 9.0, 9.0, 10.0, 10.0, 10.0, 10.0, 10.0, 11.0, 9.0, 9.0, 10.0, 9.0, 10.0, 9.0, 8.0, 9.0, 10.0, 10.0, 9.0, 9.0, 10.0, 9.0, 10.0, 10.0, 9.0, 8.0, 10.0, 9.0, 10.0, 10.0, 10.0, 10.0, 8.0, 10.0, 10.0]
[iter 0062] p_lb=0.000 u=1.000 c=0.6931 n_pre=930 n_post=100 n_trans=1030 cert_safe=0.000 cert_goal=0.000 cert_fail=1.000 safe_eval=0.000 goal_eval=0.000 fail_eval=1.000 avg_ret=9.35 sem_ret=0.08 iter_time=1.59s total_time=104.88s ln=inf lp=inf lq=inf ld=inf lo=inf max_vio=inf ep=0 status=epoch-limit-infeasible
[iter 0062 returns] returns=[10.0, 10.0, 10.0, 8.0, 10.0, 9.0, 10.0, 8.0, 8.0, 10.0, 10.0, 10.0, 8.0, 10.0, 10.0, 8.0, 10.0, 9.0, 10.0, 9.0, 9.0, 9.0, 10.0, 10.0, 10.0, 9.0, 9.0, 9.0, 11.0, 9.0, 9.0, 9.0, 8.0, 9.0, 9.0, 9.0, 10.0, 9.0, 9.0, 10.0, 10.0, 8.0, 10.0, 8.0, 10.0, 10.0, 9.0, 10.0, 10.0, 10.0, 10.0, 8.0, 9.0, 10.0, 9.0, 10.0, 10.0, 9.0, 9.0, 9.0, 10.0, 9.0, 10.0, 10.0, 9.0, 8.0, 9.0, 10.0, 9.0, 8.0, 8.0, 11.0, 8.0, 10.0, 8.0, 10.0, 10.0, 10.0, 10.0, 9.0, 10.0, 9.0, 10.0, 8.0, 9.0, 11.0, 9.0, 10.0, 10.0, 11.0, 9.0, 8.0, 8.0, 10.0, 9.0, 10.0, 10.0, 10.0, 8.0, 9.0]
[iter 0063] p_lb=0.000 u=1.000 c=0.6931 n_pre=939 n_post=100 n_trans=1039 cert_safe=0.000 cert_goal=0.000 cert_fail=1.000 safe_eval=0.000 goal_eval=0.000 fail_eval=1.000 avg_ret=9.40 sem_ret=0.07 iter_time=1.62s total_time=106.50s ln=inf lp=inf lq=inf ld=inf lo=inf max_vio=inf ep=0 status=epoch-limit-infeasible
[iter 0063 returns] returns=[10.0, 10.0, 9.0, 9.0, 10.0, 9.0, 9.0, 10.0, 9.0, 10.0, 9.0, 10.0, 10.0, 10.0, 9.0, 9.0, 9.0, 9.0, 10.0, 8.0, 10.0, 9.0, 10.0, 10.0, 9.0, 8.0, 10.0, 9.0, 9.0, 10.0, 8.0, 9.0, 11.0, 10.0, 9.0, 10.0, 10.0, 10.0, 10.0, 9.0, 10.0, 11.0, 10.0, 9.0, 9.0, 10.0, 10.0, 9.0, 8.0, 9.0, 9.0, 9.0, 11.0, 9.0, 8.0, 9.0, 10.0, 8.0, 10.0, 9.0, 9.0, 9.0, 10.0, 9.0, 10.0, 9.0, 9.0, 9.0, 10.0, 10.0, 10.0, 10.0, 10.0, 9.0, 9.0, 9.0, 10.0, 9.0, 9.0, 10.0, 10.0, 9.0, 9.0, 8.0, 9.0, 9.0, 8.0, 10.0, 10.0, 10.0, 9.0, 9.0, 10.0, 8.0, 10.0, 9.0, 10.0, 9.0, 9.0, 11.0]
[iter 0064] p_lb=0.000 u=1.000 c=0.6931 n_pre=936 n_post=100 n_trans=1036 cert_safe=0.000 cert_goal=0.000 cert_fail=1.000 safe_eval=0.000 goal_eval=0.000 fail_eval=1.000 avg_ret=9.47 sem_ret=0.08 iter_time=1.63s total_time=108.13s ln=inf lp=inf lq=inf ld=inf lo=inf max_vio=inf ep=0 status=epoch-limit-infeasible
[iter 0064 returns] returns=[11.0, 9.0, 9.0, 9.0, 10.0, 10.0, 10.0, 9.0, 8.0, 9.0, 8.0, 9.0, 9.0, 9.0, 10.0, 9.0, 9.0, 9.0, 10.0, 8.0, 9.0, 9.0, 11.0, 10.0, 9.0, 10.0, 9.0, 9.0, 11.0, 10.0, 10.0, 11.0, 10.0, 9.0, 10.0, 9.0, 10.0, 10.0, 9.0, 10.0, 10.0, 8.0, 11.0, 9.0, 9.0, 10.0, 10.0, 10.0, 9.0, 9.0, 10.0, 8.0, 11.0, 11.0, 9.0, 9.0, 9.0, 9.0, 10.0, 8.0, 9.0, 9.0, 10.0, 10.0, 9.0, 10.0, 10.0, 10.0, 10.0, 10.0, 9.0, 10.0, 9.0, 10.0, 9.0, 9.0, 10.0, 10.0, 10.0, 11.0, 9.0, 9.0, 10.0, 10.0, 10.0, 10.0, 10.0, 8.0, 9.0, 8.0, 9.0, 9.0, 9.0, 8.0, 8.0, 10.0, 9.0, 9.0, 10.0, 11.0]
[iter 0065] p_lb=0.000 u=1.000 c=0.6931 n_pre=940 n_post=100 n_trans=1040 cert_safe=0.000 cert_goal=0.000 cert_fail=1.000 safe_eval=0.000 goal_eval=0.000 fail_eval=1.000 avg_ret=9.44 sem_ret=0.08 iter_time=1.62s total_time=109.75s ln=inf lp=inf lq=inf ld=inf lo=inf max_vio=inf ep=0 status=epoch-limit-infeasible
[iter 0065 returns] returns=[9.0, 11.0, 11.0, 9.0, 9.0, 9.0, 9.0, 9.0, 9.0, 11.0, 9.0, 9.0, 9.0, 10.0, 10.0, 10.0, 10.0, 10.0, 10.0, 10.0, 9.0, 10.0, 10.0, 11.0, 8.0, 11.0, 9.0, 10.0, 10.0, 9.0, 11.0, 10.0, 9.0, 9.0, 10.0, 9.0, 9.0, 10.0, 9.0, 8.0, 8.0, 8.0, 9.0, 9.0, 9.0, 10.0, 10.0, 10.0, 9.0, 9.0, 10.0, 10.0, 10.0, 10.0, 10.0, 10.0, 9.0, 9.0, 9.0, 10.0, 10.0, 8.0, 9.0, 9.0, 10.0, 9.0, 9.0, 10.0, 9.0, 9.0, 8.0, 9.0, 10.0, 9.0, 9.0, 10.0, 9.0, 9.0, 10.0, 8.0, 10.0, 11.0, 9.0, 8.0, 9.0, 10.0, 9.0, 8.0, 11.0, 9.0, 10.0, 9.0, 10.0, 9.0, 10.0, 10.0, 9.0, 10.0, 10.0, 8.0]
[iter 0066] p_lb=0.000 u=1.000 c=0.6931 n_pre=939 n_post=100 n_trans=1039 cert_safe=0.000 cert_goal=0.000 cert_fail=1.000 safe_eval=0.000 goal_eval=0.000 fail_eval=1.000 avg_ret=9.26 sem_ret=0.08 iter_time=1.62s total_time=111.37s ln=inf lp=inf lq=inf ld=inf lo=inf max_vio=inf ep=0 status=epoch-limit-infeasible
[iter 0066 returns] returns=[10.0, 9.0, 9.0, 8.0, 11.0, 8.0, 10.0, 9.0, 10.0, 10.0, 9.0, 10.0, 8.0, 9.0, 9.0, 9.0, 10.0, 10.0, 8.0, 9.0, 9.0, 9.0, 10.0, 10.0, 9.0, 10.0, 9.0, 8.0, 10.0, 10.0, 10.0, 10.0, 10.0, 8.0, 10.0, 10.0, 10.0, 10.0, 8.0, 9.0, 9.0, 9.0, 9.0, 9.0, 9.0, 9.0, 9.0, 9.0, 9.0, 9.0, 8.0, 10.0, 10.0, 8.0, 9.0, 10.0, 10.0, 10.0, 10.0, 9.0, 9.0, 10.0, 10.0, 9.0, 10.0, 10.0, 8.0, 9.0, 9.0, 9.0, 10.0, 9.0, 8.0, 10.0, 9.0, 8.0, 9.0, 10.0, 9.0, 10.0, 8.0, 8.0, 9.0, 11.0, 8.0, 10.0, 9.0, 9.0, 9.0, 10.0, 9.0, 10.0, 8.0, 10.0, 10.0, 9.0, 10.0, 9.0, 9.0, 8.0]
[iter 0067] p_lb=0.000 u=1.000 c=0.6931 n_pre=931 n_post=100 n_trans=1031 cert_safe=0.000 cert_goal=0.000 cert_fail=1.000 safe_eval=0.000 goal_eval=0.000 fail_eval=1.000 avg_ret=9.43 sem_ret=0.07 iter_time=1.63s total_time=113.00s ln=inf lp=inf lq=inf ld=inf lo=inf max_vio=inf ep=0 status=epoch-limit-infeasible
[iter 0067 returns] returns=[9.0, 8.0, 9.0, 9.0, 10.0, 9.0, 9.0, 9.0, 10.0, 10.0, 9.0, 10.0, 9.0, 9.0, 9.0, 10.0, 11.0, 9.0, 9.0, 10.0, 10.0, 9.0, 9.0, 9.0, 11.0, 10.0, 10.0, 10.0, 9.0, 9.0, 9.0, 9.0, 10.0, 9.0, 11.0, 9.0, 8.0, 8.0, 10.0, 9.0, 9.0, 10.0, 9.0, 9.0, 10.0, 9.0, 10.0, 9.0, 9.0, 10.0, 9.0, 10.0, 10.0, 9.0, 9.0, 9.0, 9.0, 10.0, 10.0, 9.0, 10.0, 10.0, 9.0, 8.0, 9.0, 10.0, 9.0, 10.0, 10.0, 10.0, 9.0, 10.0, 10.0, 10.0, 9.0, 9.0, 9.0, 9.0, 9.0, 8.0, 10.0, 9.0, 9.0, 10.0, 9.0, 9.0, 10.0, 10.0, 10.0, 9.0, 9.0, 9.0, 10.0, 10.0, 9.0, 11.0, 11.0, 10.0, 10.0, 9.0]
[iter 0068] p_lb=0.000 u=1.000 c=0.6931 n_pre=938 n_post=100 n_trans=1038 cert_safe=0.000 cert_goal=0.000 cert_fail=1.000 safe_eval=0.000 goal_eval=0.000 fail_eval=1.000 avg_ret=9.27 sem_ret=0.08 iter_time=1.60s total_time=114.60s ln=inf lp=inf lq=inf ld=inf lo=inf max_vio=inf ep=0 status=epoch-limit-infeasible
[iter 0068 returns] returns=[8.0, 10.0, 9.0, 10.0, 10.0, 10.0, 9.0, 10.0, 8.0, 10.0, 9.0, 10.0, 9.0, 10.0, 10.0, 9.0, 10.0, 9.0, 10.0, 9.0, 8.0, 8.0, 9.0, 9.0, 8.0, 8.0, 9.0, 10.0, 11.0, 9.0, 8.0, 9.0, 9.0, 10.0, 9.0, 9.0, 10.0, 10.0, 10.0, 8.0, 10.0, 10.0, 9.0, 10.0, 9.0, 9.0, 9.0, 10.0, 8.0, 9.0, 9.0, 8.0, 10.0, 10.0, 9.0, 8.0, 10.0, 10.0, 11.0, 10.0, 9.0, 10.0, 9.0, 10.0, 9.0, 8.0, 9.0, 10.0, 8.0, 9.0, 9.0, 9.0, 8.0, 9.0, 9.0, 10.0, 9.0, 10.0, 10.0, 9.0, 10.0, 10.0, 9.0, 8.0, 10.0, 9.0, 9.0, 10.0, 9.0, 9.0, 8.0, 9.0, 9.0, 10.0, 9.0, 10.0, 9.0, 10.0, 10.0, 9.0]
[iter 0069] p_lb=0.000 u=1.000 c=0.6931 n_pre=919 n_post=100 n_trans=1019 cert_safe=0.000 cert_goal=0.000 cert_fail=1.000 safe_eval=0.000 goal_eval=0.000 fail_eval=1.000 avg_ret=9.42 sem_ret=0.07 iter_time=1.60s total_time=116.20s ln=inf lp=inf lq=inf ld=inf lo=inf max_vio=inf ep=0 status=epoch-limit-infeasible
[iter 0069 returns] returns=[10.0, 10.0, 9.0, 10.0, 10.0, 9.0, 9.0, 10.0, 10.0, 9.0, 10.0, 10.0, 10.0, 9.0, 9.0, 10.0, 9.0, 10.0, 9.0, 9.0, 10.0, 10.0, 10.0, 9.0, 11.0, 9.0, 8.0, 9.0, 9.0, 9.0, 8.0, 9.0, 9.0, 9.0, 9.0, 10.0, 9.0, 10.0, 10.0, 11.0, 10.0, 9.0, 10.0, 9.0, 10.0, 9.0, 9.0, 9.0, 8.0, 10.0, 9.0, 10.0, 10.0, 10.0, 8.0, 10.0, 10.0, 9.0, 9.0, 10.0, 10.0, 9.0, 9.0, 9.0, 8.0, 8.0, 9.0, 10.0, 9.0, 10.0, 8.0, 10.0, 9.0, 9.0, 10.0, 10.0, 10.0, 9.0, 9.0, 9.0, 10.0, 9.0, 9.0, 8.0, 10.0, 9.0, 10.0, 9.0, 9.0, 10.0, 9.0, 10.0, 9.0, 9.0, 10.0, 11.0, 10.0, 10.0, 10.0, 10.0]
[iter 0070] p_lb=0.000 u=1.000 c=0.6931 n_pre=934 n_post=100 n_trans=1034 cert_safe=0.000 cert_goal=0.000 cert_fail=1.000 safe_eval=0.000 goal_eval=0.000 fail_eval=1.000 avg_ret=9.38 sem_ret=0.07 iter_time=1.63s total_time=117.83s ln=inf lp=inf lq=inf ld=inf lo=inf max_vio=inf ep=0 status=epoch-limit-infeasible
[iter 0070 returns] returns=[9.0, 9.0, 10.0, 9.0, 9.0, 10.0, 10.0, 8.0, 9.0, 10.0, 9.0, 10.0, 9.0, 9.0, 9.0, 10.0, 10.0, 9.0, 9.0, 9.0, 9.0, 10.0, 10.0, 10.0, 9.0, 10.0, 9.0, 8.0, 9.0, 10.0, 8.0, 10.0, 10.0, 10.0, 9.0, 9.0, 10.0, 9.0, 10.0, 9.0, 10.0, 9.0, 10.0, 10.0, 9.0, 10.0, 9.0, 10.0, 10.0, 9.0, 10.0, 10.0, 9.0, 10.0, 8.0, 10.0, 10.0, 10.0, 9.0, 8.0, 10.0, 10.0, 10.0, 10.0, 9.0, 10.0, 10.0, 9.0, 9.0, 9.0, 9.0, 9.0, 10.0, 8.0, 9.0, 8.0, 9.0, 10.0, 9.0, 9.0, 10.0, 9.0, 10.0, 11.0, 8.0, 9.0, 8.0, 9.0, 9.0, 9.0, 10.0, 10.0, 9.0, 10.0, 9.0, 9.0, 9.0, 10.0, 10.0, 10.0]
[iter 0071] p_lb=0.000 u=1.000 c=0.6931 n_pre=921 n_post=100 n_trans=1021 cert_safe=0.000 cert_goal=0.000 cert_fail=1.000 safe_eval=0.000 goal_eval=0.000 fail_eval=1.000 avg_ret=9.40 sem_ret=0.07 iter_time=1.64s total_time=119.48s ln=inf lp=inf lq=inf ld=inf lo=inf max_vio=inf ep=0 status=epoch-limit-infeasible
[iter 0071 returns] returns=[8.0, 9.0, 9.0, 9.0, 10.0, 10.0, 8.0, 10.0, 10.0, 10.0, 10.0, 10.0, 9.0, 10.0, 10.0, 10.0, 10.0, 10.0, 9.0, 10.0, 9.0, 8.0, 8.0, 9.0, 10.0, 8.0, 10.0, 9.0, 10.0, 11.0, 9.0, 9.0, 8.0, 10.0, 9.0, 10.0, 10.0, 8.0, 10.0, 10.0, 10.0, 8.0, 9.0, 9.0, 11.0, 10.0, 10.0, 10.0, 9.0, 9.0, 10.0, 10.0, 10.0, 9.0, 10.0, 10.0, 9.0, 9.0, 10.0, 9.0, 9.0, 9.0, 9.0, 10.0, 9.0, 10.0, 10.0, 9.0, 10.0, 9.0, 10.0, 10.0, 8.0, 10.0, 9.0, 9.0, 10.0, 9.0, 10.0, 9.0, 9.0, 9.0, 9.0, 10.0, 8.0, 9.0, 10.0, 10.0, 9.0, 9.0, 8.0, 10.0, 10.0, 10.0, 9.0, 9.0, 10.0, 9.0, 9.0, 9.0]
[iter 0072] p_lb=0.000 u=1.000 c=0.6931 n_pre=938 n_post=100 n_trans=1038 cert_safe=0.000 cert_goal=0.000 cert_fail=1.000 safe_eval=0.000 goal_eval=0.000 fail_eval=1.000 avg_ret=9.31 sem_ret=0.08 iter_time=1.67s total_time=121.14s ln=inf lp=inf lq=inf ld=inf lo=inf max_vio=inf ep=0 status=epoch-limit-infeasible
[iter 0072 returns] returns=[10.0, 10.0, 10.0, 8.0, 10.0, 10.0, 9.0, 9.0, 10.0, 9.0, 9.0, 9.0, 8.0, 10.0, 9.0, 10.0, 9.0, 10.0, 10.0, 10.0, 10.0, 9.0, 9.0, 9.0, 8.0, 9.0, 9.0, 9.0, 11.0, 9.0, 8.0, 11.0, 9.0, 10.0, 9.0, 10.0, 10.0, 8.0, 9.0, 10.0, 9.0, 10.0, 10.0, 8.0, 9.0, 10.0, 9.0, 8.0, 10.0, 10.0, 9.0, 9.0, 8.0, 9.0, 11.0, 10.0, 10.0, 9.0, 10.0, 10.0, 8.0, 8.0, 9.0, 9.0, 10.0, 9.0, 8.0, 8.0, 11.0, 9.0, 10.0, 8.0, 8.0, 10.0, 9.0, 10.0, 10.0, 10.0, 10.0, 9.0, 9.0, 8.0, 10.0, 11.0, 9.0, 8.0, 8.0, 9.0, 9.0, 10.0, 10.0, 10.0, 9.0, 10.0, 9.0, 8.0, 9.0, 10.0, 9.0, 10.0]
[iter 0073] p_lb=0.000 u=1.000 c=0.6931 n_pre=940 n_post=100 n_trans=1040 cert_safe=0.000 cert_goal=0.000 cert_fail=1.000 safe_eval=0.000 goal_eval=0.000 fail_eval=1.000 avg_ret=9.38 sem_ret=0.07 iter_time=1.68s total_time=122.82s ln=inf lp=inf lq=inf ld=inf lo=inf max_vio=inf ep=0 status=epoch-limit-infeasible
[iter 0073 returns] returns=[9.0, 10.0, 8.0, 10.0, 9.0, 10.0, 10.0, 9.0, 9.0, 9.0, 9.0, 9.0, 9.0, 10.0, 10.0, 10.0, 9.0, 10.0, 9.0, 10.0, 9.0, 10.0, 9.0, 9.0, 9.0, 10.0, 10.0, 10.0, 10.0, 9.0, 9.0, 9.0, 10.0, 9.0, 10.0, 9.0, 9.0, 8.0, 11.0, 8.0, 10.0, 10.0, 10.0, 11.0, 10.0, 10.0, 9.0, 10.0, 9.0, 10.0, 9.0, 11.0, 9.0, 9.0, 10.0, 10.0, 8.0, 11.0, 8.0, 10.0, 9.0, 8.0, 10.0, 9.0, 8.0, 10.0, 8.0, 8.0, 8.0, 10.0, 9.0, 10.0, 10.0, 10.0, 10.0, 9.0, 9.0, 10.0, 9.0, 10.0, 9.0, 9.0, 10.0, 10.0, 9.0, 10.0, 9.0, 8.0, 9.0, 8.0, 10.0, 9.0, 9.0, 10.0, 9.0, 10.0, 9.0, 10.0, 9.0, 9.0]
[iter 0074] p_lb=0.000 u=1.000 c=0.6931 n_pre=931 n_post=100 n_trans=1031 cert_safe=0.000 cert_goal=0.000 cert_fail=1.000 safe_eval=0.000 goal_eval=0.000 fail_eval=1.000 avg_ret=9.26 sem_ret=0.08 iter_time=1.69s total_time=124.51s ln=inf lp=inf lq=inf ld=inf lo=inf max_vio=inf ep=0 status=epoch-limit-infeasible
[iter 0074 returns] returns=[10.0, 9.0, 10.0, 8.0, 9.0, 10.0, 9.0, 8.0, 9.0, 9.0, 9.0, 10.0, 10.0, 10.0, 8.0, 9.0, 9.0, 10.0, 8.0, 9.0, 11.0, 9.0, 10.0, 9.0, 9.0, 9.0, 10.0, 10.0, 9.0, 11.0, 10.0, 9.0, 10.0, 11.0, 10.0, 8.0, 10.0, 8.0, 10.0, 8.0, 8.0, 8.0, 8.0, 8.0, 8.0, 10.0, 9.0, 9.0, 9.0, 8.0, 10.0, 10.0, 9.0, 9.0, 8.0, 8.0, 10.0, 10.0, 9.0, 9.0, 10.0, 8.0, 10.0, 9.0, 10.0, 9.0, 9.0, 9.0, 9.0, 9.0, 9.0, 10.0, 9.0, 9.0, 8.0, 9.0, 10.0, 8.0, 10.0, 10.0, 9.0, 9.0, 10.0, 10.0, 8.0, 10.0, 10.0, 10.0, 10.0, 10.0, 9.0, 10.0, 10.0, 10.0, 9.0, 9.0, 10.0, 10.0, 9.0, 9.0]
[iter 0075] p_lb=0.000 u=1.000 c=0.6931 n_pre=938 n_post=100 n_trans=1038 cert_safe=0.000 cert_goal=0.000 cert_fail=1.000 safe_eval=0.000 goal_eval=0.000 fail_eval=1.000 avg_ret=9.36 sem_ret=0.07 iter_time=1.69s total_time=126.20s ln=inf lp=inf lq=inf ld=inf lo=inf max_vio=inf ep=0 status=epoch-limit-infeasible
[iter 0075 returns] returns=[9.0, 8.0, 10.0, 10.0, 11.0, 10.0, 10.0, 8.0, 10.0, 9.0, 9.0, 8.0, 9.0, 10.0, 10.0, 10.0, 9.0, 10.0, 10.0, 10.0, 9.0, 10.0, 10.0, 10.0, 8.0, 10.0, 10.0, 9.0, 9.0, 10.0, 9.0, 9.0, 10.0, 9.0, 10.0, 8.0, 9.0, 9.0, 9.0, 10.0, 9.0, 9.0, 9.0, 10.0, 10.0, 10.0, 9.0, 8.0, 10.0, 9.0, 10.0, 9.0, 9.0, 9.0, 10.0, 9.0, 9.0, 8.0, 8.0, 9.0, 10.0, 8.0, 9.0, 10.0, 9.0, 10.0, 8.0, 9.0, 10.0, 9.0, 9.0, 10.0, 9.0, 10.0, 9.0, 8.0, 10.0, 10.0, 9.0, 10.0, 10.0, 9.0, 9.0, 9.0, 10.0, 9.0, 9.0, 9.0, 11.0, 9.0, 9.0, 10.0, 9.0, 10.0, 9.0, 10.0, 10.0, 10.0, 9.0, 10.0]
[iter 0076] p_lb=0.000 u=1.000 c=0.6931 n_pre=935 n_post=100 n_trans=1035 cert_safe=0.000 cert_goal=0.000 cert_fail=1.000 safe_eval=0.000 goal_eval=0.000 fail_eval=1.000 avg_ret=9.20 sem_ret=0.08 iter_time=1.69s total_time=127.88s ln=inf lp=inf lq=inf ld=inf lo=inf max_vio=inf ep=0 status=epoch-limit-infeasible
[iter 0076 returns] returns=[10.0, 9.0, 9.0, 8.0, 9.0, 10.0, 10.0, 9.0, 8.0, 8.0, 9.0, 10.0, 10.0, 8.0, 10.0, 8.0, 10.0, 10.0, 9.0, 10.0, 9.0, 10.0, 8.0, 10.0, 9.0, 8.0, 9.0, 10.0, 10.0, 9.0, 10.0, 8.0, 10.0, 8.0, 10.0, 10.0, 10.0, 8.0, 9.0, 9.0, 8.0, 10.0, 10.0, 10.0, 9.0, 9.0, 8.0, 8.0, 9.0, 10.0, 9.0, 10.0, 9.0, 9.0, 10.0, 11.0, 10.0, 10.0, 9.0, 10.0, 9.0, 8.0, 9.0, 8.0, 9.0, 9.0, 8.0, 10.0, 10.0, 9.0, 8.0, 8.0, 9.0, 10.0, 8.0, 10.0, 8.0, 9.0, 9.0, 9.0, 9.0, 10.0, 8.0, 8.0, 9.0, 10.0, 10.0, 9.0, 11.0, 9.0, 9.0, 9.0, 9.0, 8.0, 10.0, 9.0, 10.0, 10.0, 10.0, 10.0]
[iter 0077] p_lb=0.000 u=1.000 c=0.6931 n_pre=938 n_post=100 n_trans=1038 cert_safe=0.000 cert_goal=0.000 cert_fail=1.000 safe_eval=0.000 goal_eval=0.000 fail_eval=1.000 avg_ret=9.35 sem_ret=0.07 iter_time=1.69s total_time=129.57s ln=inf lp=inf lq=inf ld=inf lo=inf max_vio=inf ep=0 status=epoch-limit-infeasible
[iter 0077 returns] returns=[10.0, 10.0, 10.0, 11.0, 8.0, 9.0, 9.0, 9.0, 8.0, 9.0, 10.0, 9.0, 9.0, 9.0, 10.0, 9.0, 9.0, 9.0, 10.0, 9.0, 10.0, 10.0, 10.0, 9.0, 9.0, 10.0, 10.0, 9.0, 10.0, 8.0, 10.0, 9.0, 10.0, 11.0, 9.0, 9.0, 10.0, 9.0, 9.0, 10.0, 8.0, 9.0, 10.0, 9.0, 10.0, 10.0, 9.0, 10.0, 10.0, 9.0, 9.0, 10.0, 9.0, 8.0, 9.0, 9.0, 9.0, 10.0, 10.0, 9.0, 9.0, 9.0, 9.0, 10.0, 10.0, 9.0, 9.0, 8.0, 8.0, 9.0, 9.0, 10.0, 10.0, 10.0, 10.0, 10.0, 10.0, 9.0, 10.0, 10.0, 8.0, 9.0, 9.0, 9.0, 10.0, 10.0, 8.0, 10.0, 9.0, 9.0, 8.0, 10.0, 9.0, 10.0, 10.0, 10.0, 9.0, 9.0, 9.0, 9.0]
[iter 0078] p_lb=0.000 u=1.000 c=0.6931 n_pre=932 n_post=100 n_trans=1032 cert_safe=0.000 cert_goal=0.000 cert_fail=1.000 safe_eval=0.000 goal_eval=0.000 fail_eval=1.000 avg_ret=9.44 sem_ret=0.07 iter_time=1.66s total_time=131.23s ln=inf lp=inf lq=inf ld=inf lo=inf max_vio=inf ep=0 status=epoch-limit-infeasible
[iter 0078 returns] returns=[11.0, 10.0, 10.0, 10.0, 9.0, 9.0, 10.0, 9.0, 9.0, 9.0, 9.0, 9.0, 10.0, 8.0, 10.0, 10.0, 9.0, 10.0, 10.0, 8.0, 9.0, 10.0, 9.0, 10.0, 10.0, 10.0, 9.0, 9.0, 10.0, 9.0, 10.0, 10.0, 10.0, 8.0, 10.0, 9.0, 10.0, 10.0, 9.0, 10.0, 8.0, 10.0, 10.0, 10.0, 9.0, 9.0, 10.0, 9.0, 9.0, 9.0, 8.0, 10.0, 11.0, 8.0, 9.0, 10.0, 8.0, 9.0, 10.0, 9.0, 9.0, 8.0, 8.0, 9.0, 10.0, 10.0, 10.0, 10.0, 10.0, 9.0, 10.0, 10.0, 8.0, 9.0, 10.0, 10.0, 9.0, 10.0, 11.0, 9.0, 10.0, 10.0, 10.0, 10.0, 10.0, 9.0, 9.0, 9.0, 10.0, 10.0, 9.0, 10.0, 10.0, 9.0, 9.0, 9.0, 10.0, 9.0, 8.0, 10.0]
[iter 0079] p_lb=0.000 u=1.000 c=0.6931 n_pre=929 n_post=100 n_trans=1029 cert_safe=0.000 cert_goal=0.000 cert_fail=1.000 safe_eval=0.000 goal_eval=0.000 fail_eval=1.000 avg_ret=9.28 sem_ret=0.07 iter_time=1.62s total_time=132.85s ln=inf lp=inf lq=inf ld=inf lo=inf max_vio=inf ep=0 status=epoch-limit-infeasible
[iter 0079 returns] returns=[10.0, 9.0, 10.0, 8.0, 9.0, 10.0, 9.0, 9.0, 10.0, 10.0, 9.0, 9.0, 8.0, 9.0, 9.0, 10.0, 10.0, 9.0, 9.0, 10.0, 10.0, 10.0, 9.0, 9.0, 10.0, 10.0, 9.0, 10.0, 9.0, 9.0, 9.0, 10.0, 10.0, 8.0, 9.0, 9.0, 9.0, 9.0, 9.0, 9.0, 9.0, 9.0, 9.0, 10.0, 9.0, 10.0, 10.0, 10.0, 8.0, 10.0, 10.0, 8.0, 9.0, 10.0, 8.0, 10.0, 10.0, 10.0, 8.0, 9.0, 10.0, 8.0, 9.0, 10.0, 10.0, 11.0, 8.0, 8.0, 10.0, 9.0, 10.0, 8.0, 9.0, 10.0, 10.0, 9.0, 10.0, 9.0, 10.0, 9.0, 9.0, 9.0, 9.0, 9.0, 10.0, 10.0, 8.0, 9.0, 9.0, 11.0, 9.0, 9.0, 9.0, 8.0, 10.0, 9.0, 9.0, 9.0, 9.0, 9.0]
[iter 0080] p_lb=0.000 u=1.000 c=0.6931 n_pre=930 n_post=100 n_trans=1030 cert_safe=0.000 cert_goal=0.000 cert_fail=1.000 safe_eval=0.000 goal_eval=0.000 fail_eval=1.000 avg_ret=9.45 sem_ret=0.08 iter_time=1.66s total_time=134.51s ln=inf lp=inf lq=inf ld=inf lo=inf max_vio=inf ep=0 status=epoch-limit-infeasible
[iter 0080 returns] returns=[9.0, 8.0, 9.0, 9.0, 10.0, 10.0, 10.0, 10.0, 10.0, 10.0, 10.0, 9.0, 10.0, 10.0, 9.0, 10.0, 10.0, 10.0, 9.0, 9.0, 10.0, 8.0, 9.0, 9.0, 10.0, 10.0, 9.0, 9.0, 11.0, 10.0, 10.0, 9.0, 10.0, 10.0, 9.0, 9.0, 9.0, 10.0, 8.0, 9.0, 9.0, 8.0, 11.0, 8.0, 8.0, 10.0, 10.0, 10.0, 10.0, 9.0, 9.0, 9.0, 10.0, 9.0, 10.0, 9.0, 8.0, 9.0, 10.0, 10.0, 10.0, 9.0, 10.0, 10.0, 8.0, 9.0, 11.0, 9.0, 11.0, 9.0, 8.0, 10.0, 10.0, 8.0, 10.0, 9.0, 8.0, 9.0, 9.0, 10.0, 10.0, 9.0, 9.0, 10.0, 9.0, 10.0, 11.0, 10.0, 10.0, 10.0, 9.0, 9.0, 10.0, 10.0, 9.0, 8.0, 10.0, 10.0, 10.0, 10.0]
[iter 0081] p_lb=0.000 u=1.000 c=0.6931 n_pre=933 n_post=100 n_trans=1033 cert_safe=0.000 cert_goal=0.000 cert_fail=1.000 safe_eval=0.000 goal_eval=0.000 fail_eval=1.000 avg_ret=9.33 sem_ret=0.08 iter_time=1.67s total_time=136.18s ln=inf lp=inf lq=inf ld=inf lo=inf max_vio=inf ep=0 status=epoch-limit-infeasible
[iter 0081 returns] returns=[9.0, 9.0, 8.0, 9.0, 10.0, 10.0, 10.0, 10.0, 9.0, 10.0, 9.0, 10.0, 9.0, 10.0, 9.0, 9.0, 9.0, 10.0, 10.0, 8.0, 8.0, 11.0, 10.0, 9.0, 10.0, 10.0, 9.0, 10.0, 8.0, 9.0, 9.0, 9.0, 8.0, 11.0, 10.0, 9.0, 10.0, 8.0, 9.0, 8.0, 10.0, 10.0, 9.0, 10.0, 9.0, 10.0, 9.0, 9.0, 11.0, 9.0, 9.0, 9.0, 10.0, 10.0, 9.0, 9.0, 9.0, 9.0, 8.0, 10.0, 9.0, 10.0, 9.0, 11.0, 10.0, 10.0, 8.0, 9.0, 9.0, 9.0, 9.0, 9.0, 8.0, 10.0, 9.0, 8.0, 9.0, 9.0, 10.0, 9.0, 11.0, 9.0, 9.0, 10.0, 10.0, 8.0, 9.0, 10.0, 11.0, 10.0, 9.0, 8.0, 9.0, 9.0, 9.0, 10.0, 9.0, 9.0, 10.0, 10.0]
[iter 0082] p_lb=0.000 u=1.000 c=0.6931 n_pre=927 n_post=100 n_trans=1027 cert_safe=0.000 cert_goal=0.000 cert_fail=1.000 safe_eval=0.000 goal_eval=0.000 fail_eval=1.000 avg_ret=9.47 sem_ret=0.08 iter_time=1.67s total_time=137.85s ln=inf lp=inf lq=inf ld=inf lo=inf max_vio=inf ep=0 status=epoch-limit-infeasible
[iter 0082 returns] returns=[9.0, 10.0, 11.0, 10.0, 9.0, 9.0, 10.0, 8.0, 9.0, 8.0, 10.0, 8.0, 10.0, 9.0, 9.0, 10.0, 10.0, 10.0, 9.0, 10.0, 8.0, 8.0, 10.0, 10.0, 9.0, 8.0, 10.0, 8.0, 10.0, 10.0, 8.0, 10.0, 10.0, 10.0, 10.0, 10.0, 10.0, 10.0, 9.0, 9.0, 9.0, 10.0, 9.0, 10.0, 10.0, 11.0, 10.0, 11.0, 10.0, 10.0, 11.0, 9.0, 10.0, 9.0, 10.0, 8.0, 10.0, 10.0, 9.0, 9.0, 10.0, 9.0, 9.0, 10.0, 9.0, 10.0, 10.0, 10.0, 10.0, 10.0, 9.0, 10.0, 9.0, 8.0, 9.0, 10.0, 10.0, 10.0, 8.0, 10.0, 10.0, 9.0, 10.0, 9.0, 8.0, 9.0, 10.0, 9.0, 9.0, 10.0, 9.0, 8.0, 10.0, 10.0, 9.0, 9.0, 10.0, 10.0, 10.0, 9.0]
[iter 0083] p_lb=0.000 u=1.000 c=0.6931 n_pre=922 n_post=100 n_trans=1022 cert_safe=0.000 cert_goal=0.000 cert_fail=1.000 safe_eval=0.000 goal_eval=0.000 fail_eval=1.000 avg_ret=9.32 sem_ret=0.08 iter_time=1.65s total_time=139.50s ln=inf lp=inf lq=inf ld=inf lo=inf max_vio=inf ep=0 status=epoch-limit-infeasible
[iter 0083 returns] returns=[10.0, 10.0, 10.0, 9.0, 10.0, 8.0, 9.0, 10.0, 10.0, 9.0, 10.0, 10.0, 9.0, 9.0, 8.0, 8.0, 8.0, 9.0, 10.0, 10.0, 9.0, 8.0, 10.0, 9.0, 8.0, 10.0, 8.0, 10.0, 8.0, 10.0, 10.0, 10.0, 9.0, 9.0, 10.0, 10.0, 9.0, 10.0, 9.0, 9.0, 10.0, 10.0, 10.0, 9.0, 10.0, 8.0, 9.0, 10.0, 10.0, 9.0, 10.0, 10.0, 10.0, 10.0, 9.0, 9.0, 9.0, 9.0, 9.0, 9.0, 10.0, 11.0, 10.0, 8.0, 10.0, 10.0, 8.0, 10.0, 9.0, 9.0, 9.0, 9.0, 9.0, 8.0, 9.0, 8.0, 9.0, 8.0, 10.0, 9.0, 10.0, 10.0, 10.0, 9.0, 9.0, 9.0, 8.0, 10.0, 10.0, 10.0, 9.0, 10.0, 10.0, 8.0, 10.0, 11.0, 8.0, 9.0, 10.0, 9.0]
[iter 0084] p_lb=0.000 u=1.000 c=0.6931 n_pre=939 n_post=100 n_trans=1039 cert_safe=0.000 cert_goal=0.000 cert_fail=1.000 safe_eval=0.000 goal_eval=0.000 fail_eval=1.000 avg_ret=9.33 sem_ret=0.08 iter_time=1.64s total_time=141.14s ln=inf lp=inf lq=inf ld=inf lo=inf max_vio=inf ep=0 status=epoch-limit-infeasible
[iter 0084 returns] returns=[11.0, 10.0, 10.0, 10.0, 9.0, 10.0, 10.0, 8.0, 10.0, 9.0, 9.0, 8.0, 9.0, 9.0, 10.0, 10.0, 10.0, 9.0, 8.0, 9.0, 8.0, 8.0, 10.0, 9.0, 9.0, 10.0, 8.0, 9.0, 8.0, 11.0, 9.0, 10.0, 10.0, 10.0, 9.0, 11.0, 9.0, 10.0, 10.0, 9.0, 9.0, 10.0, 10.0, 9.0, 9.0, 8.0, 10.0, 9.0, 9.0, 9.0, 10.0, 10.0, 10.0, 10.0, 8.0, 10.0, 8.0, 9.0, 9.0, 10.0, 10.0, 8.0, 10.0, 10.0, 8.0, 9.0, 10.0, 10.0, 9.0, 9.0, 9.0, 10.0, 9.0, 10.0, 8.0, 9.0, 9.0, 10.0, 9.0, 9.0, 9.0, 10.0, 10.0, 9.0, 10.0, 8.0, 10.0, 10.0, 10.0, 9.0, 9.0, 9.0, 10.0, 10.0, 10.0, 8.0, 9.0, 9.0, 9.0, 9.0]
[iter 0085] p_lb=0.000 u=1.000 c=0.6931 n_pre=937 n_post=100 n_trans=1037 cert_safe=0.000 cert_goal=0.000 cert_fail=1.000 safe_eval=0.000 goal_eval=0.000 fail_eval=1.000 avg_ret=9.28 sem_ret=0.08 iter_time=1.62s total_time=142.76s ln=inf lp=inf lq=inf ld=inf lo=inf max_vio=inf ep=0 status=epoch-limit-infeasible
[iter 0085 returns] returns=[9.0, 8.0, 8.0, 10.0, 9.0, 10.0, 9.0, 10.0, 10.0, 10.0, 9.0, 10.0, 8.0, 10.0, 10.0, 10.0, 9.0, 10.0, 10.0, 10.0, 9.0, 9.0, 9.0, 9.0, 10.0, 9.0, 8.0, 9.0, 9.0, 10.0, 8.0, 9.0, 10.0, 9.0, 9.0, 9.0, 10.0, 8.0, 10.0, 9.0, 9.0, 9.0, 9.0, 9.0, 8.0, 10.0, 10.0, 10.0, 10.0, 10.0, 9.0, 10.0, 9.0, 8.0, 10.0, 10.0, 8.0, 9.0, 10.0, 8.0, 8.0, 11.0, 10.0, 9.0, 9.0, 9.0, 10.0, 9.0, 9.0, 9.0, 9.0, 10.0, 9.0, 9.0, 10.0, 10.0, 10.0, 8.0, 9.0, 10.0, 11.0, 9.0, 11.0, 9.0, 9.0, 8.0, 8.0, 9.0, 8.0, 9.0, 9.0, 9.0, 9.0, 9.0, 10.0, 10.0, 10.0, 10.0, 9.0, 9.0]
[iter 0086] p_lb=0.000 u=1.000 c=0.6931 n_pre=947 n_post=100 n_trans=1047 cert_safe=0.000 cert_goal=0.000 cert_fail=1.000 safe_eval=0.000 goal_eval=0.000 fail_eval=1.000 avg_ret=9.30 sem_ret=0.08 iter_time=1.63s total_time=144.39s ln=inf lp=inf lq=inf ld=inf lo=inf max_vio=inf ep=0 status=epoch-limit-infeasible
[iter 0086 returns] returns=[9.0, 9.0, 9.0, 9.0, 9.0, 10.0, 9.0, 10.0, 10.0, 9.0, 10.0, 9.0, 10.0, 9.0, 9.0, 9.0, 10.0, 9.0, 10.0, 9.0, 9.0, 10.0, 8.0, 8.0, 9.0, 9.0, 8.0, 11.0, 10.0, 10.0, 10.0, 10.0, 10.0, 10.0, 10.0, 9.0, 11.0, 8.0, 9.0, 8.0, 10.0, 9.0, 10.0, 8.0, 9.0, 8.0, 10.0, 9.0, 10.0, 10.0, 10.0, 8.0, 11.0, 9.0, 9.0, 10.0, 9.0, 9.0, 9.0, 8.0, 10.0, 9.0, 10.0, 10.0, 9.0, 8.0, 8.0, 9.0, 9.0, 9.0, 9.0, 10.0, 11.0, 8.0, 9.0, 9.0, 11.0, 10.0, 9.0, 8.0, 10.0, 9.0, 9.0, 10.0, 9.0, 11.0, 10.0, 9.0, 11.0, 10.0, 8.0, 8.0, 8.0, 10.0, 8.0, 10.0, 9.0, 9.0, 9.0, 9.0]
[iter 0087] p_lb=0.000 u=1.000 c=0.6931 n_pre=942 n_post=100 n_trans=1042 cert_safe=0.000 cert_goal=0.000 cert_fail=1.000 safe_eval=0.000 goal_eval=0.000 fail_eval=1.000 avg_ret=9.28 sem_ret=0.08 iter_time=1.62s total_time=146.01s ln=inf lp=inf lq=inf ld=inf lo=inf max_vio=inf ep=0 status=epoch-limit-infeasible
[iter 0087 returns] returns=[9.0, 10.0, 9.0, 10.0, 10.0, 9.0, 9.0, 9.0, 10.0, 10.0, 9.0, 9.0, 9.0, 9.0, 9.0, 10.0, 8.0, 8.0, 8.0, 10.0, 9.0, 10.0, 8.0, 10.0, 10.0, 10.0, 9.0, 10.0, 9.0, 10.0, 10.0, 9.0, 9.0, 10.0, 9.0, 8.0, 9.0, 9.0, 9.0, 10.0, 9.0, 8.0, 9.0, 10.0, 10.0, 10.0, 8.0, 9.0, 10.0, 9.0, 10.0, 10.0, 10.0, 10.0, 8.0, 10.0, 10.0, 10.0, 9.0, 9.0, 10.0, 9.0, 10.0, 9.0, 11.0, 10.0, 11.0, 10.0, 10.0, 8.0, 11.0, 8.0, 9.0, 10.0, 9.0, 9.0, 8.0, 10.0, 8.0, 10.0, 9.0, 8.0, 10.0, 10.0, 9.0, 9.0, 8.0, 8.0, 10.0, 8.0, 9.0, 9.0, 10.0, 10.0, 8.0, 8.0, 9.0, 10.0, 8.0, 9.0]
[iter 0088] p_lb=0.000 u=1.000 c=0.6931 n_pre=948 n_post=100 n_trans=1048 cert_safe=0.000 cert_goal=0.000 cert_fail=1.000 safe_eval=0.000 goal_eval=0.000 fail_eval=1.000 avg_ret=9.29 sem_ret=0.07 iter_time=1.64s total_time=147.65s ln=inf lp=inf lq=inf ld=inf lo=inf max_vio=inf ep=0 status=epoch-limit-infeasible
[iter 0088 returns] returns=[9.0, 10.0, 10.0, 10.0, 9.0, 9.0, 10.0, 8.0, 10.0, 10.0, 10.0, 9.0, 8.0, 10.0, 9.0, 9.0, 10.0, 11.0, 9.0, 9.0, 10.0, 9.0, 10.0, 9.0, 10.0, 9.0, 9.0, 9.0, 8.0, 9.0, 9.0, 10.0, 9.0, 10.0, 9.0, 10.0, 10.0, 10.0, 9.0, 8.0, 8.0, 8.0, 9.0, 9.0, 9.0, 10.0, 10.0, 10.0, 9.0, 9.0, 10.0, 8.0, 8.0, 11.0, 10.0, 9.0, 9.0, 9.0, 9.0, 10.0, 9.0, 9.0, 10.0, 8.0, 9.0, 9.0, 10.0, 9.0, 10.0, 9.0, 9.0, 10.0, 9.0, 9.0, 10.0, 9.0, 10.0, 10.0, 9.0, 9.0, 10.0, 9.0, 10.0, 10.0, 8.0, 9.0, 9.0, 9.0, 9.0, 9.0, 8.0, 9.0, 9.0, 9.0, 8.0, 10.0, 9.0, 10.0, 10.0, 10.0]
[iter 0089] p_lb=0.000 u=1.000 c=0.6931 n_pre=934 n_post=100 n_trans=1034 cert_safe=0.000 cert_goal=0.000 cert_fail=1.000 safe_eval=0.000 goal_eval=0.000 fail_eval=1.000 avg_ret=9.21 sem_ret=0.08 iter_time=1.62s total_time=149.27s ln=inf lp=inf lq=inf ld=inf lo=inf max_vio=inf ep=0 status=epoch-limit-infeasible
[iter 0089 returns] returns=[8.0, 10.0, 10.0, 9.0, 9.0, 9.0, 9.0, 10.0, 9.0, 10.0, 9.0, 10.0, 11.0, 8.0, 10.0, 8.0, 9.0, 9.0, 9.0, 9.0, 9.0, 10.0, 8.0, 9.0, 8.0, 8.0, 10.0, 8.0, 10.0, 10.0, 10.0, 8.0, 9.0, 10.0, 11.0, 9.0, 9.0, 8.0, 10.0, 9.0, 10.0, 10.0, 10.0, 10.0, 9.0, 9.0, 9.0, 9.0, 9.0, 9.0, 9.0, 9.0, 9.0, 9.0, 11.0, 8.0, 10.0, 9.0, 10.0, 10.0, 9.0, 9.0, 8.0, 10.0, 9.0, 10.0, 8.0, 9.0, 9.0, 10.0, 10.0, 10.0, 9.0, 8.0, 9.0, 9.0, 8.0, 10.0, 10.0, 10.0, 9.0, 9.0, 9.0, 10.0, 9.0, 9.0, 9.0, 10.0, 8.0, 9.0, 10.0, 8.0, 9.0, 10.0, 9.0, 8.0, 8.0, 9.0, 10.0, 9.0]
[iter 0090] p_lb=0.000 u=1.000 c=0.6931 n_pre=934 n_post=100 n_trans=1034 cert_safe=0.000 cert_goal=0.000 cert_fail=1.000 safe_eval=0.000 goal_eval=0.000 fail_eval=1.000 avg_ret=9.37 sem_ret=0.08 iter_time=1.68s total_time=150.95s ln=inf lp=inf lq=inf ld=inf lo=inf max_vio=inf ep=0 status=epoch-limit-infeasible
[iter 0090 returns] returns=[10.0, 8.0, 10.0, 8.0, 10.0, 10.0, 10.0, 8.0, 9.0, 11.0, 9.0, 10.0, 9.0, 10.0, 10.0, 9.0, 10.0, 9.0, 10.0, 9.0, 8.0, 9.0, 10.0, 9.0, 10.0, 9.0, 9.0, 9.0, 9.0, 10.0, 9.0, 9.0, 9.0, 10.0, 10.0, 9.0, 9.0, 9.0, 10.0, 9.0, 9.0, 10.0, 10.0, 9.0, 10.0, 10.0, 9.0, 9.0, 9.0, 9.0, 10.0, 9.0, 8.0, 10.0, 9.0, 9.0, 9.0, 10.0, 9.0, 9.0, 11.0, 10.0, 9.0, 8.0, 9.0, 10.0, 9.0, 10.0, 10.0, 9.0, 9.0, 9.0, 8.0, 10.0, 10.0, 9.0, 10.0, 8.0, 9.0, 10.0, 11.0, 9.0, 10.0, 10.0, 8.0, 11.0, 10.0, 8.0, 9.0, 10.0, 11.0, 8.0, 11.0, 9.0, 10.0, 9.0, 9.0, 9.0, 10.0, 8.0]
[iter 0091] p_lb=0.000 u=1.000 c=0.6931 n_pre=953 n_post=100 n_trans=1053 cert_safe=0.000 cert_goal=0.000 cert_fail=1.000 safe_eval=0.000 goal_eval=0.000 fail_eval=1.000 avg_ret=9.40 sem_ret=0.08 iter_time=1.67s total_time=152.62s ln=inf lp=inf lq=inf ld=inf lo=inf max_vio=inf ep=0 status=epoch-limit-infeasible
[iter 0091 returns] returns=[9.0, 9.0, 10.0, 10.0, 10.0, 10.0, 9.0, 9.0, 9.0, 8.0, 10.0, 11.0, 10.0, 10.0, 9.0, 8.0, 9.0, 9.0, 9.0, 10.0, 10.0, 10.0, 9.0, 10.0, 10.0, 8.0, 9.0, 10.0, 9.0, 10.0, 10.0, 9.0, 10.0, 9.0, 9.0, 9.0, 9.0, 9.0, 9.0, 9.0, 10.0, 11.0, 10.0, 10.0, 9.0, 10.0, 10.0, 9.0, 9.0, 10.0, 10.0, 10.0, 10.0, 9.0, 9.0, 10.0, 9.0, 8.0, 9.0, 10.0, 10.0, 10.0, 10.0, 8.0, 10.0, 9.0, 10.0, 10.0, 10.0, 8.0, 10.0, 10.0, 10.0, 10.0, 9.0, 11.0, 9.0, 10.0, 9.0, 9.0, 11.0, 10.0, 9.0, 10.0, 8.0, 8.0, 9.0, 9.0, 10.0, 8.0, 9.0, 8.0, 8.0, 8.0, 9.0, 9.0, 10.0, 9.0, 9.0, 10.0]
[iter 0092] p_lb=0.000 u=1.000 c=0.6931 n_pre=940 n_post=100 n_trans=1040 cert_safe=0.000 cert_goal=0.000 cert_fail=1.000 safe_eval=0.000 goal_eval=0.000 fail_eval=1.000 avg_ret=9.49 sem_ret=0.08 iter_time=1.70s total_time=154.32s ln=inf lp=inf lq=inf ld=inf lo=inf max_vio=inf ep=0 status=epoch-limit-infeasible
[iter 0092 returns] returns=[8.0, 8.0, 10.0, 9.0, 9.0, 10.0, 10.0, 9.0, 10.0, 11.0, 9.0, 8.0, 10.0, 10.0, 10.0, 9.0, 9.0, 10.0, 11.0, 10.0, 10.0, 9.0, 9.0, 9.0, 9.0, 9.0, 10.0, 9.0, 10.0, 9.0, 11.0, 9.0, 11.0, 9.0, 9.0, 10.0, 10.0, 11.0, 10.0, 10.0, 8.0, 9.0, 10.0, 10.0, 10.0, 10.0, 10.0, 10.0, 9.0, 10.0, 9.0, 10.0, 10.0, 10.0, 8.0, 10.0, 9.0, 9.0, 9.0, 9.0, 9.0, 10.0, 10.0, 9.0, 10.0, 10.0, 10.0, 10.0, 9.0, 9.0, 9.0, 9.0, 10.0, 10.0, 8.0, 9.0, 11.0, 10.0, 9.0, 10.0, 10.0, 9.0, 8.0, 9.0, 8.0, 10.0, 9.0, 11.0, 10.0, 9.0, 10.0, 10.0, 10.0, 9.0, 8.0, 8.0, 10.0, 10.0, 9.0, 9.0]
[iter 0093] p_lb=0.000 u=1.000 c=0.6931 n_pre=936 n_post=100 n_trans=1036 cert_safe=0.000 cert_goal=0.000 cert_fail=1.000 safe_eval=0.000 goal_eval=0.000 fail_eval=1.000 avg_ret=9.33 sem_ret=0.08 iter_time=1.69s total_time=156.01s ln=inf lp=inf lq=inf ld=inf lo=inf max_vio=inf ep=0 status=epoch-limit-infeasible
[iter 0093 returns] returns=[9.0, 10.0, 10.0, 8.0, 10.0, 9.0, 8.0, 9.0, 9.0, 10.0, 9.0, 10.0, 9.0, 10.0, 10.0, 9.0, 9.0, 9.0, 11.0, 10.0, 9.0, 10.0, 10.0, 9.0, 8.0, 9.0, 8.0, 10.0, 9.0, 9.0, 10.0, 8.0, 10.0, 9.0, 9.0, 10.0, 10.0, 10.0, 10.0, 9.0, 10.0, 10.0, 8.0, 10.0, 9.0, 11.0, 8.0, 10.0, 9.0, 9.0, 10.0, 10.0, 9.0, 9.0, 8.0, 10.0, 10.0, 10.0, 8.0, 9.0, 10.0, 10.0, 10.0, 9.0, 9.0, 9.0, 8.0, 10.0, 8.0, 9.0, 9.0, 10.0, 10.0, 10.0, 9.0, 10.0, 8.0, 9.0, 10.0, 11.0, 9.0, 10.0, 9.0, 8.0, 8.0, 9.0, 9.0, 9.0, 9.0, 10.0, 8.0, 9.0, 10.0, 11.0, 9.0, 11.0, 9.0, 8.0, 10.0, 9.0]
[iter 0094] p_lb=0.000 u=1.000 c=0.6931 n_pre=929 n_post=100 n_trans=1029 cert_safe=0.000 cert_goal=0.000 cert_fail=1.000 safe_eval=0.000 goal_eval=0.000 fail_eval=1.000 avg_ret=11.16 sem_ret=0.12 iter_time=1.71s total_time=157.72s ln=inf lp=inf lq=inf ld=inf lo=inf max_vio=inf ep=0 status=epoch-limit-infeasible
[iter 0094 returns] returns=[11.0, 11.0, 12.0, 12.0, 12.0, 9.0, 12.0, 12.0, 9.0, 10.0, 10.0, 10.0, 11.0, 12.0, 11.0, 11.0, 13.0, 9.0, 10.0, 12.0, 12.0, 12.0, 10.0, 13.0, 10.0, 11.0, 11.0, 11.0, 11.0, 10.0, 12.0, 11.0, 11.0, 13.0, 11.0, 11.0, 11.0, 9.0, 9.0, 10.0, 10.0, 12.0, 13.0, 14.0, 11.0, 12.0, 10.0, 12.0, 11.0, 10.0, 10.0, 11.0, 10.0, 11.0, 11.0, 13.0, 11.0, 11.0, 12.0, 12.0, 14.0, 11.0, 11.0, 11.0, 9.0, 14.0, 12.0, 11.0, 9.0, 10.0, 9.0, 12.0, 12.0, 11.0, 10.0, 9.0, 12.0, 11.0, 9.0, 11.0, 11.0, 10.0, 12.0, 13.0, 13.0, 14.0, 11.0, 12.0, 11.0, 10.0, 11.0, 12.0, 11.0, 12.0, 13.0, 12.0, 12.0, 12.0, 12.0, 9.0]
[iter 0095] p_lb=0.000 u=1.000 c=0.6931 n_pre=1132 n_post=100 n_trans=1232 cert_safe=0.000 cert_goal=0.000 cert_fail=1.000 safe_eval=0.000 goal_eval=0.000 fail_eval=1.000 avg_ret=82.19 sem_ret=3.52 iter_time=2.84s total_time=160.57s ln=inf lp=inf lq=inf ld=inf lo=inf max_vio=inf ep=0 status=epoch-limit-infeasible
[iter 0095 returns] returns=[14.0, 11.0, 96.0, 104.0, 96.0, 96.0, 97.0, 97.0, 97.0, 100.0, 99.0, 102.0, 99.0, 99.0, 100.0, 97.0, 106.0, 103.0, 13.0, 103.0, 88.0, 96.0, 99.0, 98.0, 100.0, 11.0, 12.0, 12.0, 100.0, 102.0, 95.0, 102.0, 101.0, 104.0, 104.0, 102.0, 100.0, 99.0, 99.0, 12.0, 101.0, 100.0, 103.0, 96.0, 13.0, 102.0, 95.0, 15.0, 95.0, 10.0, 107.0, 98.0, 94.0, 102.0, 11.0, 12.0, 95.0, 100.0, 104.0, 100.0, 100.0, 107.0, 13.0, 103.0, 101.0, 103.0, 107.0, 13.0, 105.0, 103.0, 102.0, 97.0, 99.0, 102.0, 92.0, 95.0, 103.0, 13.0, 101.0, 91.0, 92.0, 97.0, 97.0, 12.0, 105.0, 105.0, 14.0, 97.0, 94.0, 103.0, 99.0, 102.0, 12.0, 95.0, 102.0, 99.0, 14.0, 103.0, 94.0, 15.0]
[iter 0096] p_lb=0.000 u=1.000 c=0.6931 n_pre=8726 n_post=100 n_trans=8826 cert_safe=0.000 cert_goal=0.000 cert_fail=1.000 safe_eval=1.000 goal_eval=1.000 fail_eval=0.000 avg_ret=500.00 sem_ret=0.00 iter_time=11.89s total_time=172.46s ln=inf lp=inf lq=inf ld=inf lo=inf max_vio=inf ep=0 status=epoch-limit-infeasible
[iter 0096 returns] returns=[500.0, 500.0, 500.0, 500.0, 500.0, 500.0, 500.0, 500.0, 500.0, 500.0, 500.0, 500.0, 500.0, 500.0, 500.0, 500.0, 500.0, 500.0, 500.0, 500.0, 500.0, 500.0, 500.0, 500.0, 500.0, 500.0, 500.0, 500.0, 500.0, 500.0, 500.0, 500.0, 500.0, 500.0, 500.0, 500.0, 500.0, 500.0, 500.0, 500.0, 500.0, 500.0, 500.0, 500.0, 500.0, 500.0, 500.0, 500.0, 500.0, 500.0, 500.0, 500.0, 500.0, 500.0, 500.0, 500.0, 500.0, 500.0, 500.0, 500.0, 500.0, 500.0, 500.0, 500.0, 500.0, 500.0, 500.0, 500.0, 500.0, 500.0, 500.0, 500.0, 500.0, 500.0, 500.0, 500.0, 500.0, 500.0, 500.0, 500.0, 500.0, 500.0, 500.0, 500.0, 500.0, 500.0, 500.0, 500.0, 500.0, 500.0, 500.0, 500.0, 500.0, 500.0, 500.0, 500.0, 500.0, 500.0, 500.0, 500.0]
[iter 0097] p_lb=0.000 u=1.000 c=0.6931 n_pre=50100 n_post=0 n_trans=50100 cert_safe=1.000 cert_goal=1.000 cert_fail=0.000 safe_eval=1.000 goal_eval=1.000 fail_eval=0.000 iter_time=25.57s total_time=198.03s ln=inf lp=inf lq=inf ld=inf lo=inf max_vio=inf ep=0
[stop] iter=97 p_lb=0.000 >= p_min=0.950, epsilon=0.1224

==== FINAL RESULT ====
Stopped by p_lb? True
Outer iter: 97
p_lb: 0.0000
u_local: 1.0000
c_bc: 0.6931
n_pre: 50100
n_post: 0
n_trans: 50100
loss_nonneg: inf
loss_pre: inf
loss_post: inf
loss_dyn: inf
loss_obj: inf
max_violation: inf
epochs_used: 0
epsilon(N,beta): 0.1224
safe_eval: 1.0000
goal_eval: 1.0000
fail_eval: 0.0000
avg_return: 500.0000
return_sem: 0.0000
returns: [500.0, 500.0, 500.0, 500.0, 500.0, 500.0, 500.0, 500.0, 500.0, 500.0, 500.0, 500.0, 500.0, 500.0, 500.0, 500.0, 500.0, 500.0, 500.0, 500.0, 500.0, 500.0, 500.0, 500.0, 500.0, 500.0, 500.0, 500.0, 500.0, 500.0, 500.0, 500.0, 500.0, 500.0, 500.0, 500.0, 500.0, 500.0, 500.0, 500.0, 500.0, 500.0, 500.0, 500.0, 500.0, 500.0, 500.0, 500.0, 500.0, 500.0, 500.0, 500.0, 500.0, 500.0, 500.0, 500.0, 500.0, 500.0, 500.0, 500.0, 500.0, 500.0, 500.0, 500.0, 500.0, 500.0, 500.0, 500.0, 500.0, 500.0, 500.0, 500.0, 500.0, 500.0, 500.0, 500.0, 500.0, 500.0, 500.0, 500.0, 500.0, 500.0, 500.0, 500.0, 500.0, 500.0, 500.0, 500.0, 500.0, 500.0, 500.0, 500.0, 500.0, 500.0, 500.0, 500.0, 500.0, 500.0, 500.0, 500.0, 500.0, 500.0, 500.0, 500.0, 500.0, 500.0, 500.0, 500.0, 500.0, 500.0, 500.0, 500.0, 500.0, 500.0, 500.0, 500.0, 500.0, 500.0, 500.0, 500.0, 500.0, 500.0, 500.0, 500.0, 500.0, 500.0, 500.0, 500.0, 500.0, 500.0, 500.0, 500.0, 500.0, 500.0, 500.0, 500.0, 500.0, 500.0, 500.0, 500.0, 500.0, 500.0, 500.0, 500.0, 500.0, 500.0, 500.0, 500.0, 500.0, 500.0, 500.0, 500.0, 500.0, 500.0, 500.0, 500.0, 500.0, 500.0, 500.0, 500.0, 500.0, 500.0, 500.0, 500.0, 500.0, 500.0, 500.0, 500.0, 500.0, 500.0, 500.0, 500.0, 500.0, 500.0, 500.0, 500.0, 500.0, 500.0, 500.0, 500.0, 500.0, 500.0, 500.0, 500.0, 500.0, 500.0, 500.0, 500.0, 500.0, 500.0, 500.0, 500.0, 500.0, 500.0, 500.0, 500.0, 500.0, 500.0, 500.0, 500.0]
total_time_sec: 198.03

==== ROBUSTNESS SWEEP EXAMPLE ====
Uniform noise: [{'noise_type': 'uniform', 'scale': 0.02, 'safe_rate': 1.0, 'goal_rate': 1.0, 'fail_rate': 0.0, 'safe_sem': 0.0, 'goal_sem': 0.0, 'fail_sem': 0.0, 'avg_return': 500.0, 'return_sem': 0.0, 'returns': [500.0, 500.0, 500.0, 500.0, 500.0, 500.0, 500.0, 500.0, 500.0, 500.0, 500.0, 500.0, 500.0, 500.0, 500.0, 500.0, 500.0, 500.0, 500.0, 500.0, 500.0, 500.0, 500.0, 500.0, 500.0, 500.0, 500.0, 500.0, 500.0, 500.0, 500.0, 500.0, 500.0, 500.0, 500.0, 500.0, 500.0, 500.0, 500.0, 500.0, 500.0, 500.0, 500.0, 500.0, 500.0, 500.0, 500.0, 500.0, 500.0, 500.0]}, {'noise_type': 'uniform', 'scale': 0.05, 'safe_rate': 1.0, 'goal_rate': 1.0, 'fail_rate': 0.0, 'safe_sem': 0.0, 'goal_sem': 0.0, 'fail_sem': 0.0, 'avg_return': 500.0, 'return_sem': 0.0, 'returns': [500.0, 500.0, 500.0, 500.0, 500.0, 500.0, 500.0, 500.0, 500.0, 500.0, 500.0, 500.0, 500.0, 500.0, 500.0, 500.0, 500.0, 500.0, 500.0, 500.0, 500.0, 500.0, 500.0, 500.0, 500.0, 500.0, 500.0, 500.0, 500.0, 500.0, 500.0, 500.0, 500.0, 500.0, 500.0, 500.0, 500.0, 500.0, 500.0, 500.0, 500.0, 500.0, 500.0, 500.0, 500.0, 500.0, 500.0, 500.0, 500.0, 500.0]}, {'noise_type': 'uniform', 'scale': 0.08, 'safe_rate': 1.0, 'goal_rate': 1.0, 'fail_rate': 0.0, 'safe_sem': 0.0, 'goal_sem': 0.0, 'fail_sem': 0.0, 'avg_return': 500.0, 'return_sem': 0.0, 'returns': [500.0, 500.0, 500.0, 500.0, 500.0, 500.0, 500.0, 500.0, 500.0, 500.0, 500.0, 500.0, 500.0, 500.0, 500.0, 500.0, 500.0, 500.0, 500.0, 500.0, 500.0, 500.0, 500.0, 500.0, 500.0, 500.0, 500.0, 500.0, 500.0, 500.0, 500.0, 500.0, 500.0, 500.0, 500.0, 500.0, 500.0, 500.0, 500.0, 500.0, 500.0, 500.0, 500.0, 500.0, 500.0, 500.0, 500.0, 500.0, 500.0, 500.0]}, {'noise_type': 'uniform', 'scale': 0.11, 'safe_rate': 0.82, 'goal_rate': 0.82, 'fail_rate': 0.18, 'safe_sem': 0.0548839220351387, 'goal_sem': 0.0548839220351387, 'fail_sem': 0.054883922035138706, 'avg_return': 423.12, 'return_sem': 23.957456169686484, 'returns': [500.0, 500.0, 500.0, 500.0, 500.0, 500.0, 500.0, 500.0, 500.0, 500.0, 500.0, 500.0, 500.0, 500.0, 23.0, 500.0, 500.0, 500.0, 500.0, 500.0, 500.0, 500.0, 500.0, 500.0, 14.0, 16.0, 500.0, 188.0, 500.0, 500.0, 15.0, 500.0, 500.0, 11.0, 198.0, 500.0, 500.0, 13.0, 500.0, 500.0, 500.0, 500.0, 500.0, 500.0, 500.0, 500.0, 178.0, 500.0, 500.0, 500.0]}, {'noise_type': 'uniform', 'scale': 0.14, 'safe_rate': 0.6, 'goal_rate': 0.6, 'fail_rate': 0.4, 'safe_sem': 0.06998542122237651, 'goal_sem': 0.06998542122237651, 'fail_sem': 0.06998542122237651, 'avg_return': 331.34, 'return_sem': 31.498773672274016, 'returns': [500.0, 500.0, 500.0, 19.0, 160.0, 500.0, 16.0, 500.0, 500.0, 183.0, 22.0, 500.0, 21.0, 500.0, 158.0, 500.0, 363.0, 16.0, 500.0, 500.0, 18.0, 14.0, 13.0, 500.0, 15.0, 14.0, 500.0, 500.0, 500.0, 500.0, 500.0, 18.0, 16.0, 19.0, 500.0, 500.0, 22.0, 500.0, 500.0, 500.0, 500.0, 500.0, 500.0, 500.0, 500.0, 500.0, 500.0, 13.0, 447.0, 500.0]}, {'noise_type': 'uniform', 'scale': 0.17, 'safe_rate': 0.32, 'goal_rate': 0.32, 'fail_rate': 0.68, 'safe_sem': 0.06663945022680343, 'goal_sem': 0.06663945022680343, 'fail_sem': 0.06663945022680343, 'avg_return': 242.34, 'return_sem': 30.967772715175617, 'returns': [500.0, 478.0, 27.0, 172.0, 11.0, 500.0, 447.0, 14.0, 156.0, 17.0, 500.0, 500.0, 18.0, 18.0, 18.0, 25.0, 500.0, 21.0, 478.0, 174.0, 232.0, 18.0, 22.0, 16.0, 11.0, 500.0, 500.0, 500.0, 367.0, 500.0, 15.0, 386.0, 500.0, 262.0, 104.0, 17.0, 15.0, 500.0, 500.0, 19.0, 28.0, 500.0, 500.0, 500.0, 180.0, 297.0, 500.0, 21.0, 19.0, 14.0]}, {'noise_type': 'uniform', 'scale': 0.2, 'safe_rate': 0.14, 'goal_rate': 0.14, 'fail_rate': 0.86, 'safe_sem': 0.0495695759225642, 'goal_sem': 0.0495695759225642, 'fail_sem': 0.0495695759225642, 'avg_return': 170.36, 'return_sem': 26.74332661370584, 'returns': [500.0, 16.0, 18.0, 445.0, 420.0, 169.0, 16.0, 26.0, 19.0, 22.0, 12.0, 13.0, 16.0, 379.0, 267.0, 500.0, 500.0, 20.0, 17.0, 28.0, 500.0, 225.0, 28.0, 368.0, 28.0, 18.0, 13.0, 383.0, 17.0, 28.0, 67.0, 378.0, 16.0, 17.0, 102.0, 367.0, 500.0, 17.0, 13.0, 17.0, 225.0, 18.0, 163.0, 53.0, 173.0, 71.0, 500.0, 500.0, 293.0, 17.0]}]
Gaussian noise: [{'noise_type': 'gaussian', 'scale': 0.02, 'safe_rate': 1.0, 'goal_rate': 1.0, 'fail_rate': 0.0, 'safe_sem': 0.0, 'goal_sem': 0.0, 'fail_sem': 0.0, 'avg_return': 500.0, 'return_sem': 0.0, 'returns': [500.0, 500.0, 500.0, 500.0, 500.0, 500.0, 500.0, 500.0, 500.0, 500.0, 500.0, 500.0, 500.0, 500.0, 500.0, 500.0, 500.0, 500.0, 500.0, 500.0, 500.0, 500.0, 500.0, 500.0, 500.0, 500.0, 500.0, 500.0, 500.0, 500.0, 500.0, 500.0, 500.0, 500.0, 500.0, 500.0, 500.0, 500.0, 500.0, 500.0, 500.0, 500.0, 500.0, 500.0, 500.0, 500.0, 500.0, 500.0, 500.0, 500.0]}, {'noise_type': 'gaussian', 'scale': 0.05, 'safe_rate': 0.96, 'goal_rate': 0.96, 'fail_rate': 0.04, 'safe_sem': 0.027994168488950606, 'goal_sem': 0.027994168488950606, 'fail_sem': 0.027994168488950606, 'avg_return': 480.74, 'return_sem': 13.479199697674781, 'returns': [500.0, 500.0, 500.0, 500.0, 500.0, 500.0, 500.0, 500.0, 500.0, 500.0, 500.0, 500.0, 500.0, 500.0, 500.0, 500.0, 500.0, 19.0, 500.0, 500.0, 500.0, 500.0, 500.0, 500.0, 500.0, 500.0, 500.0, 500.0, 500.0, 500.0, 500.0, 500.0, 500.0, 500.0, 500.0, 500.0, 500.0, 500.0, 500.0, 500.0, 500.0, 500.0, 18.0, 500.0, 500.0, 500.0, 500.0, 500.0, 500.0, 500.0]}, {'noise_type': 'gaussian', 'scale': 0.08, 'safe_rate': 0.72, 'goal_rate': 0.72, 'fail_rate': 0.28, 'safe_sem': 0.06414269805898185, 'goal_sem': 0.06414269805898185, 'fail_sem': 0.06414269805898185, 'avg_return': 370.14, 'return_sem': 30.220941651207927, 'returns': [500.0, 500.0, 500.0, 500.0, 500.0, 16.0, 17.0, 18.0, 500.0, 500.0, 19.0, 500.0, 500.0, 14.0, 500.0, 19.0, 500.0, 20.0, 500.0, 500.0, 290.0, 500.0, 500.0, 500.0, 500.0, 500.0, 500.0, 500.0, 500.0, 14.0, 500.0, 16.0, 18.0, 18.0, 500.0, 500.0, 500.0, 500.0, 500.0, 500.0, 500.0, 14.0, 500.0, 500.0, 500.0, 500.0, 14.0, 500.0, 500.0, 500.0]}, {'noise_type': 'gaussian', 'scale': 0.11, 'safe_rate': 0.36, 'goal_rate': 0.36, 'fail_rate': 0.64, 'safe_sem': 0.06857142857142856, 'goal_sem': 0.06857142857142856, 'fail_sem': 0.06857142857142856, 'avg_return': 234.7, 'return_sem': 32.37372643464614, 'returns': [21.0, 498.0, 17.0, 500.0, 500.0, 500.0, 19.0, 14.0, 19.0, 17.0, 500.0, 20.0, 500.0, 15.0, 24.0, 500.0, 500.0, 500.0, 500.0, 189.0, 16.0, 14.0, 500.0, 500.0, 376.0, 13.0, 19.0, 500.0, 169.0, 22.0, 25.0, 500.0, 500.0, 13.0, 500.0, 500.0, 16.0, 500.0, 173.0, 359.0, 18.0, 435.0, 17.0, 29.0, 15.0, 14.0, 12.0, 111.0, 500.0, 16.0]}, {'noise_type': 'gaussian', 'scale': 0.14, 'safe_rate': 0.06, 'goal_rate': 0.06, 'fail_rate': 0.94, 'safe_sem': 0.033926691677251195, 'goal_sem': 0.033926691677251195, 'fail_sem': 0.033926691677251195, 'avg_return': 135.6, 'return_sem': 22.468118001528573, 'returns': [44.0, 14.0, 70.0, 206.0, 15.0, 195.0, 500.0, 88.0, 197.0, 15.0, 21.0, 500.0, 14.0, 18.0, 35.0, 18.0, 14.0, 214.0, 347.0, 365.0, 17.0, 122.0, 17.0, 20.0, 80.0, 14.0, 163.0, 119.0, 220.0, 276.0, 56.0, 23.0, 14.0, 455.0, 448.0, 25.0, 19.0, 381.0, 14.0, 12.0, 333.0, 16.0, 318.0, 56.0, 14.0, 41.0, 24.0, 19.0, 500.0, 74.0]}, {'noise_type': 'gaussian', 'scale': 0.17, 'safe_rate': 0.0, 'goal_rate': 0.0, 'fail_rate': 1.0, 'safe_sem': 0.0, 'goal_sem': 0.0, 'fail_sem': 0.0, 'avg_return': 94.02, 'return_sem': 17.152746909186654, 'returns': [17.0, 35.0, 13.0, 17.0, 67.0, 103.0, 240.0, 35.0, 12.0, 500.0, 58.0, 62.0, 295.0, 428.0, 80.0, 164.0, 75.0, 93.0, 24.0, 139.0, 24.0, 39.0, 15.0, 17.0, 113.0, 14.0, 89.0, 69.0, 18.0, 296.0, 14.0, 59.0, 82.0, 16.0, 330.0, 11.0, 18.0, 14.0, 21.0, 14.0, 43.0, 16.0, 40.0, 14.0, 16.0, 216.0, 418.0, 18.0, 21.0, 169.0]}]